# cd "d:"
# cd "\prime"
# cd "\gnuplot first1000"


# splot "first1000.txt" with points pointtype 7 pointsize  1 palette


#1x     1y      1z      1c
#0001    0031    0001    1
#0001    0181    0006    1
#0001    0211    0007    1
#0001    0241    0008    1
#0001    0331    0011    1
#0001    0421    0014    1
#0001    0571    0019    1
#0001    0601    0020    1
#0001    0661    0022    1
#0001    0691    0023    1
#0001    0751    0025    1
#0001    0811    0027    1
#0001    0991    0033    1
#0001    1021    0034    1
#0001    1171    0039    1
#0001    1231    0041    1
#0001    1291    0043    1
#0001    1381    0046    1
#0001    1471    0049    1
#0001    1531    0051    1
#0001    1741    0058    1
#0001    1831    0061    1
#0001    1861    0062    1
#0001    2011    0067    1
#0001    2131    0071    1
#0001    2161    0072    1
#0001    2221    0074    1
#0001    2311    0077    1
#0001    2341    0078    1
#0001    2371    0079    1
#0001    2521    0084    1
#0001    2551    0085    1
#0001    2671    0089    1
#0001    2791    0093    1
#0001    2851    0095    1
#0001    2971    0099    1
#0001    3001    0100    1
#0001    3121    0104    1
#0001    3181    0106    1
#0001    3271    0109    1
#0001    3301    0110    1
#0001    3331    0111    1
#0001    3361    0112    1
#0001    3511    0117    1
#0001    3631    0121    1
#0001    3931    0131    1
#0001    4111    0137    1
#0001    4261    0142    1
#0001    4441    0148    1
#0001    4591    0153    1
#0001    4621    0154    1
#0001    4651    0155    1
#0001    4801    0160    1
#0001    4831    0161    1
#0001    4861    0162    1
#0001    4951    0165    1
#0001    5011    0167    1
#0001    5101    0170    1
#0001    5281    0176    1
#0001    5521    0184    1
#0001    5641    0188    1
#0001    5701    0190    1
#0001    5821    0194    1
#0001    5851    0195    1
#0001    6151    0205    1
#0001    6211    0207    1
#0001    6361    0212    1
#0001    6481    0216    1
#0001    6571    0219    1
#0001    6691    0223    1
#0001    6781    0226    1
#0001    6841    0228    1
#0001    6871    0229    1
#0001    6961    0232    1
#0001    7321    0244    1
#0001    7591    0253    1
#0001    7621    0254    1
#0001    7681    0256    1
#0001    7741    0258    1
#7x     7y      7z      5c
#0007    0007    0000    5
#0007    0037    0001    5
#0007    0097    0003    5
#0007    0127    0004    5
#0007    0307    0010    5
#0007    0337    0011    5
#0007    0367    0012    5
#0007    0457    0015    5
#0007    0487    0016    5
#0007    0547    0018    5
#0007    0577    0019    5
#0007    0607    0020    5
#0007    0727    0024    5
#0007    0757    0025    5
#0007    0877    0029    5
#0007    0967    0032    5
#0007    0997    0033    5
#0007    1087    0036    5
#0007    1117    0037    5
#0007    1237    0041    5
#0007    1297    0043    5
#0007    1447    0048    5
#0007    1567    0052    5
#0007    1597    0053    5
#0007    1747    0058    5
#0007    1867    0062    5
#0007    2017    0067    5
#0007    2137    0071    5
#0007    2347    0078    5
#0007    2377    0079    5
#0007    2437    0081    5
#0007    2467    0082    5
#0007    2647    0088    5
#0007    2677    0089    5
#0007    2707    0090    5
#0007    2767    0092    5
#0007    2797    0093    5
#0007    2917    0097    5
#0007    3187    0106    5
#0007    3307    0110    5
#0007    3457    0115    5
#0007    3517    0117    5
#0007    3607    0120    5
#0007    3637    0121    5
#0007    3847    0128    5
#0007    3967    0132    5
#0007    4177    0139    5
#0007    4297    0143    5
#0007    4327    0144    5
#0007    4447    0148    5
#0007    4507    0150    5
#0007    4597    0153    5
#0007    4657    0155    5
#0007    4957    0165    5
#0007    4987    0166    5
#0007    5107    0170    5
#0007    5167    0172    5
#0007    5197    0173    5
#0007    5227    0174    5
#0007    5347    0178    5
#0007    5407    0180    5
#0007    5527    0184    5
#0007    5557    0185    5
#0007    5647    0188    5
#0007    5737    0191    5
#0007    5827    0194    5
#0007    5857    0195    5
#0007    6007    0200    5
#0007    6037    0201    5
#0007    6067    0202    5
#0007    6217    0207    5
#0007    6247    0208    5
#0007    6337    0211    5
#0007    6367    0212    5
#0007    6397    0213    5
#0007    6547    0218    5
#0007    6577    0219    5
#0007    6607    0220    5
#0007    6907    0230    5
#0007    7027    0234    5
#0007    7057    0235    5
#11x    11y     11z     8c
#0011    0011    0000    8
#0011    0041    0001    8
#0011    0101    0003    8
#0011    0131    0004    8
#0011    0191    0006    8
#0011    0251    0008    8
#0011    0311    0010    8
#0011    0431    0014    8
#0011    0461    0015    8
#0011    0491    0016    8
#0011    0701    0023    8
#0011    0821    0027    8
#0011    0881    0029    8
#0011    0971    0032    8
#0011    1031    0034    8
#0011    1091    0036    8
#0011    1151    0038    8
#0011    1181    0039    8
#0011    1301    0043    8
#0011    1451    0048    8
#0011    1481    0049    8
#0011    1571    0052    8
#0011    1601    0053    8
#0011    1721    0057    8
#0011    1871    0062    8
#0011    1901    0063    8
#0011    1931    0064    8
#0011    2081    0069    8
#0011    2141    0071    8
#0011    2351    0078    8
#0011    2381    0079    8
#0011    2441    0081    8
#0011    2531    0084    8
#0011    2621    0087    8
#0011    2801    0093    8
#0011    3011    0100    8
#0011    3191    0106    8
#0011    3461    0115    8
#0011    3491    0116    8
#0011    3581    0119    8
#0011    3671    0122    8
#0011    3761    0125    8
#0011    3821    0127    8
#0011    3851    0128    8
#0011    3911    0130    8
#0011    4001    0133    8
#0011    4091    0136    8
#0011    4241    0141    8
#0011    4271    0142    8
#0011    4421    0147    8
#0011    4451    0148    8
#0011    4481    0149    8
#0011    4691    0156    8
#0011    4871    0162    8
#0011    5021    0167    8
#0011    5171    0172    8
#0011    5351    0178    8
#0011    5381    0179    8
#0011    5471    0182    8
#0011    5501    0183    8
#0011    5531    0184    8
#0011    5651    0188    8
#0011    5711    0190    8
#0011    5801    0193    8
#0011    5861    0195    8
#0011    5981    0199    8
#0011    6011    0200    8
#0011    6221    0207    8
#0011    6311    0210    8
#0011    6491    0216    8
#0011    6521    0217    8
#0011    6551    0218    8
#0011    6581    0219    8
#0011    6701    0223    8
#0011    6761    0225    8
#0011    6791    0226    8
#0011    6911    0230    8
#0011    7001    0233    8
#0011    7121    0237    8
#0011    7211    0240    8
#0011    7331    0244    8
#0011    7451    0248    8
#0011    7481    0249    8
#0011    7841    0261    8
#13x    13y     13z     3c
0013    0013    0000    3
0013    0043    0001    3
0013    0073    0002    3
0013    0103    0003    3
0013    0193    0006    3
0013    0223    0007    3
0013    0283    0009    3
0013    0313    0010    3
0013    0373    0012    3
0013    0433    0014    3
0013    0463    0015    3
0013    0613    0020    3
0013    0673    0022    3
0013    0733    0024    3
0013    0823    0027    3
0013    0853    0028    3
0013    0883    0029    3
0013    1033    0034    3
0013    1093    0036    3
0013    1123    0037    3
0013    1153    0038    3
0013    1303    0043    3
0013    1423    0047    3
0013    1453    0048    3
0013    1543    0051    3
0013    1663    0055    3
0013    1693    0056    3
0013    1723    0057    3
0013    1753    0058    3
0013    1873    0062    3
0013    1993    0066    3
0013    2053    0068    3
0013    2083    0069    3
0013    2143    0071    3
0013    2203    0073    3
0013    2293    0076    3
0013    2383    0079    3
0013    2473    0082    3
0013    2503    0083    3
0013    2683    0089    3
0013    2803    0093    3
0013    2833    0094    3
0013    2953    0098    3
0013    3163    0105    3
0013    3313    0110    3
0013    3343    0111    3
0013    3433    0114    3
0013    3463    0115    3
0013    3583    0119    3
0013    3613    0120    3
0013    3643    0121    3
0013    3673    0122    3
0013    3733    0124    3
0013    3793    0126    3
0013    3823    0127    3
0013    3943    0131    3
0013    4003    0133    3
0013    4093    0136    3
0013    4153    0138    3
0013    4243    0141    3
0013    4273    0142    3
0013    4423    0147    3
0013    4483    0149    3
0013    4513    0150    3
0013    4603    0153    3
0013    4663    0155    3
0013    4783    0159    3
0013    4813    0160    3
0013    4993    0166    3
0013    5023    0167    3
0013    5113    0170    3
0013    5323    0177    3
0013    5413    0180    3
0013    5503    0183    3
0013    5563    0185    3
0013    5653    0188    3
0013    5683    0189    3
0013    5953    0198    3
0013    6043    0201    3
0013    6073    0202    3
0013    6163    0205    3
0013    6343    0211    3
0013    6373    0212    3
0013    6553    0218    3
0013    6703    0223    3
#17x    17y     17z     6c
#0017    0017    0000    6
#0017    0107    0003    6
#0017    0137    0004    6
#0017    0197    0006    6
#0017    0227    0007    6
#0017    0317    0010    6
#0017    0347    0011    6
#0017    0467    0015    6
#0017    0557    0018    6
#0017    0587    0019    6
#0017    0617    0020    6
#0017    0677    0022    6
#0017    0827    0027    6
#0017    0857    0028    6
#0017    0887    0029    6
#0017    0947    0031    6
#0017    0977    0032    6
#0017    1097    0036    6
#0017    1277    0042    6
#0017    1307    0043    6
#0017    1427    0047    6
#0017    1607    0053    6
#0017    1667    0055    6
#0017    1697    0056    6
#0017    1847    0061    6
#0017    1877    0062    6
#0017    1907    0063    6
#0017    1997    0066    6
#0017    2027    0067    6
#0017    2207    0073    6
#0017    2237    0074    6
#0017    2297    0076    6
#0017    2357    0078    6
#0017    2447    0081    6
#0017    2477    0082    6
#0017    2657    0088    6
#0017    2687    0089    6
#0017    2777    0092    6
#0017    2837    0094    6
#0017    2927    0097    6
#0017    2957    0098    6
#0017    3137    0104    6
#0017    3167    0105    6
#0017    3347    0111    6
#0017    3467    0115    6
#0017    3527    0117    6
#0017    3617    0120    6
#0017    3677    0122    6
#0017    3767    0125    6
#0017    3797    0126    6
#0017    3917    0130    6
#0017    3947    0131    6
#0017    4007    0133    6
#0017    4127    0137    6
#0017    4157    0138    6
#0017    4337    0144    6
#0017    4457    0148    6
#0017    4517    0150    6
#0017    4637    0154    6
#0017    4787    0159    6
#0017    4817    0160    6
#0017    4877    0162    6
#0017    4967    0165    6
#0017    5147    0171    6
#0017    5297    0176    6
#0017    5387    0179    6
#0017    5477    0182    6
#0017    5507    0183    6
#0017    5657    0188    6
#0017    5717    0190    6
#0017    5807    0193    6
#0017    5867    0195    6
#0017    5987    0199    6
#0017    6047    0201    6
#0017    6197    0206    6
#0017    6257    0208    6
#0017    6317    0210    6
#0017    6737    0224    6
#0017    6857    0228    6
#0017    6917    0230    6
#0017    6947    0231    6
#0017    7127    0237    6
#19x    19y     19z     7c
#0019    0019    0000    7
#0019    0079    0002    7
#0019    0109    0003    7
#0019    0139    0004    7
#0019    0199    0006    7
#0019    0229    0007    7
#0019    0349    0011    7
#0019    0439    0014    7
#0019    0619    0020    7
#0019    0709    0023    7
#0019    0739    0024    7
#0019    0829    0027    7
#0019    0859    0028    7
#0019    1009    0033    7
#0019    1129    0037    7
#0019    1249    0041    7
#0019    1279    0042    7
#0019    1399    0046    7
#0019    1429    0047    7
#0019    1459    0048    7
#0019    1549    0051    7
#0019    1579    0052    7
#0019    1609    0053    7
#0019    1669    0055    7
#0019    1699    0056    7
#0019    1759    0058    7
#0019    1879    0062    7
#0019    1999    0066    7
#0019    2029    0067    7
#0019    2179    0072    7
#0019    2239    0074    7
#0019    2539    0084    7
#0019    2659    0088    7
#0019    2689    0089    7
#0019    2749    0091    7
#0019    3019    0100    7
#0019    3109    0103    7
#0019    3169    0105    7
#0019    3259    0108    7
#0019    3319    0110    7
#0019    3469    0115    7
#0019    3499    0116    7
#0019    3529    0117    7
#0019    3739    0124    7
#0019    3769    0125    7
#0019    3919    0130    7
#0019    4099    0136    7
#0019    4129    0137    7
#0019    4159    0138    7
#0019    4339    0144    7
#0019    4519    0150    7
#0019    4639    0154    7
#0019    4759    0158    7
#0019    4789    0159    7
#0019    4969    0165    7
#0019    4999    0166    7
#0019    5119    0170    7
#0019    5179    0172    7
#0019    5209    0173    7
#0019    5449    0181    7
#0019    5479    0182    7
#0019    5659    0188    7
#0019    5689    0189    7
#0019    5839    0194    7
#0019    5869    0195    7
#0019    6079    0202    7
#0019    6199    0206    7
#0019    6229    0207    7
#0019    6379    0212    7
#0019    6529    0217    7
#0019    6679    0222    7
#0019    6709    0223    7
#0019    6949    0231    7
#0019    7039    0234    7
#0019    7069    0235    7
#0019    7129    0237    7
#0019    7219    0240    7
#0019    7309    0243    7
#0019    7459    0248    7
#0019    7489    0249    7
#23x    23y     23z     4c
#0023    0023    0000    4
#0023    0083    0002    4
#0023    0113    0003    4
#0023    0233    0007    4
#0023    0293    0009    4
#0023    0353    0011    4
#0023    0443    0014    4
#0023    0563    0018    4
#0023    0593    0019    4
#0023    0683    0022    4
#0023    0743    0024    4
#0023    0863    0028    4
#0023    0953    0031    4
#0023    0983    0032    4
#0023    1013    0033    4
#0023    1103    0036    4
#0023    1163    0038    4
#0023    1283    0042    4
#0023    1433    0047    4
#0023    1523    0050    4
#0023    1553    0051    4
#0023    1583    0052    4
#0023    1733    0057    4
#0023    1823    0060    4
#0023    1913    0063    4
#0023    2003    0066    4
#0023    2063    0068    4
#0023    2153    0071    4
#0023    2213    0073    4
#0023    2243    0074    4
#0023    2333    0077    4
#0023    2543    0084    4
#0023    2633    0087    4
#0023    2663    0088    4
#0023    2693    0089    4
#0023    2753    0091    4
#0023    2843    0094    4
#0023    2963    0098    4
#0023    3023    0100    4
#0023    3083    0102    4
#0023    3203    0106    4
#0023    3323    0110    4
#0023    3533    0117    4
#0023    3593    0119    4
#0023    3623    0120    4
#0023    3803    0126    4
#0023    3833    0127    4
#0023    3923    0130    4
#0023    4013    0133    4
#0023    4073    0135    4
#0023    4133    0137    4
#0023    4253    0141    4
#0023    4283    0142    4
#0023    4463    0148    4
#0023    4493    0149    4
#0023    4643    0154    4
#0023    4673    0155    4
#0023    4793    0159    4
#0023    4943    0164    4
#0023    4973    0165    4
#0023    5003    0166    4
#0023    5153    0171    4
#0023    5303    0176    4
#0023    5333    0177    4
#0023    5393    0179    4
#0023    5483    0182    4
#0023    5693    0189    4
#0023    5813    0193    4
#0023    5843    0194    4
#0023    6053    0201    4
#0023    6143    0204    4
#0023    6173    0205    4
#0023    6203    0206    4
#0023    6263    0208    4
#0023    6323    0210    4
#0023    6353    0211    4
#0023    6563    0218    4
#29x    29y     29z     2c
#0029    0029    0000    2
#0029    0089    0002    2
#0029    0179    0005    2
#0029    0239    0007    2
#0029    0359    0011    2
#0029    0419    0013    2
#0029    0449    0014    2
#0029    0479    0015    2
#0029    0569    0018    2
#0029    0599    0019    2
#0029    0719    0023    2
#0029    0839    0027    2
#0029    1019    0033    2
#0029    1109    0036    2
#0029    1229    0040    2
#0029    1259    0041    2
#0029    1289    0042    2
#0029    1409    0046    2
#0029    1439    0047    2
#0029    1559    0051    2
#0029    1709    0056    2
#0029    1889    0062    2
#0029    2039    0067    2
#0029    2069    0068    2
#0029    2309    0076    2
#0029    2339    0077    2
#0029    2459    0081    2
#0029    2549    0084    2
#0029    2699    0089    2
#0029    2789    0092    2
#0029    2819    0093    2
#0029    2909    0096    2
#0029    2939    0097    2
#0029    2969    0098    2
#0029    2999    0099    2
#0029    3089    0102    2
#0029    3119    0103    2
#0029    3209    0106    2
#0029    3299    0109    2
#0029    3329    0110    2
#0029    3359    0111    2
#0029    3449    0114    2
#0029    3659    0121    2
#0029    3779    0125    2
#0029    3929    0130    2
#0029    3989    0132    2
#0029    4079    0135    2
#0029    4139    0137    2
#0029    4259    0141    2
#0029    4289    0142    2
#0029    4349    0144    2
#0029    4649    0154    2
#0029    4679    0155    2
#0029    4799    0159    2
#0029    4889    0162    2
#0029    5009    0166    2
#0029    5099    0169    2
#0029    5189    0172    2
#0029    5309    0176    2
#0029    5399    0179    2
#0029    5519    0183    2
#0029    5669    0188    2
#0029    5849    0194    2
#0029    5879    0195    2
#0029    6029    0200    2
#0029    6089    0202    2
#0029    6329    0210    2
#0029    6359    0211    2
#0029    6389    0212    2
#0029    6569    0218    2
#0029    6599    0219    2
#0029    6689    0222    2
#0029    6719    0223    2
#0029    6779    0225    2
#0029    6869    0228    2
#0029    6899    0229    2
#0029    6959    0231    2
#0029    7019    0233    2
#0029    7079    0235    2
#0029    7109    0236    2
#0029    7229    0240    2
#0029    7499    0249    2
#0029    7529    0250    2
