#x      #y      #z      #c      #comment Prime
7       00      0       2
7       02      14      2
7       03      21      2
7       04      28      2
7       05      05      2
7       06      12      2
7       08      26      2
7       09      03      2
7       10      10      2
7       12      24      2
7       14      08      2
7       15      15      2
7       16      22      2
7       18      06      2
7       20      20      2
7       21      27      2
7       22      04      2
7       24      18      2
7       25      25      2
7       26      02      2
7       27      09      2
7       28      16      2
7       30      0       2
#x      #y      #z      #c      #comment Prime
7       32      14      2
7       33      21      2
7       34      28      2
7       35      05      2
7       36      12      2
7       38      26      2
7       39      03      2
7       40      10      2
7       42      24      2
7       44      08      2
7       45      15      2
7       46      22      2
7       48      06      2
7       49      13      2
7       50      20      2
7       51      27      2
7       52      04      2
7       54      18      2
7       55      25      2
7       56      02      2
7       57      09      2
7       58      16      2
#x      #y      #z      #c      #comment Prime
7       60      0       2
7       62      14      2
7       63      21      2
7       64      28      2
7       65      05      2
7       66      12      2
7       68      26      2
7       69      03      2
7       70      10      2
7       72      24      2
7       73      01      2
7       74      08      2
7       75      15      2
7       76      22      2
7       77      29      2
7       78      06      2
7       80      20      2
7       81      27      2
7       82      04      2
7       84      18      2
7       85      25      2
7       86      02      2
7       87      09      2
7       88      16      2
