#x      #y      #z      #c      #comment Prime
#19      00      0       3
19      02      08      3
19      03      27      3
19      04      16      3
19      05      05      3
19      06      24      3
19      08      02      3
19      09      21      3
19      10      10      3
19      12      18      3
19      14      26      3
19      15      15      3
19      16      04      3
19      18      12      3
19      20      20      3
19      21      09      3
19      22      28      3
19      24      06      3
19      25      25      3
19      26      14      3
19      27      03      3
19      28      22      3
#x      #y      #z      #c      #comment Prime
19      30      30      3
19      32      38      3
19      33      57      3
19      34      46      3
19      35      35      3
19      36      54      3
19      38      32      3
19      39      51      3
19      40      40      3
19      42      48      3
19      44      56      3
19      45      45      3
19      46      34      3
19      48      42      3
19      49      31      3
19      50      50      3
19      51      39      3
19      52      58      3
19      54      36      3
19      55      55      3
19      56      44      3
19      57      33      3
19      58      52      3
#x      #y      #z      #c      #comment Prime
19      60      60      3
19      62      68      3
19      63      87      3
19      64      76      3
19      65      65      3
19      66      84      3
19      68      62      3
19      69      81      3
19      70      70      3
19      72      78      3
19      73      67      3
19      74      86      3
19      75      75      3
19      76      64      3
19      77      83      3
19      78      72      3
19      80      80      3
19      81      69      3
19      82      88      3
19      84      66      3
19      85      85      3
19      86      74      3
19      87      63      3
19      88      82      3
