#x      #y      #z      #c      #comment Prime
7       0       0       7
7       2       14      7
7       3       21      7
7       4       28      7
7       5       5       7
7       6       12      7
7       8       26      7
7       9       3       7
7       10      10      7
7       12      24      7
7       14      8       7
7       15      15      7
7       16      22      7
7       18      6       7
7       20      20      7
7       21      27      7
7       22      4       7
7       24      18      7
7       25      25      7
7       26      2       7
7       27      9       7
7       28      16      7
#x      #y      #z      #c      #comment Prime
7       30      30      7
7       32      44      7
7       33      51      7
7       34      58      7
7       35      35      7
7       36      42      7
7       38      56      7
7       39      33      7
7       40      40      7
7       42      54      7
7       44      38      7
7       45      45      7
7       46      52      7
7       48      36      7
7       49      43      7
7       50      50      7
7       51      57      7
7       52      34      7
7       54      48      7
7       55      55      7
7       56      32      7
7       57      39      7
7       58      46      7
#x      #y      #z      #c      #comment Prime
7       60      60      7
7       62      74      7
7       63      81      7
7       64      88      7
7       65      65      7
7       66      72      7
7       68      86      7
7       69      63      7
7       70      70      7
7       72      84      7
7       73      61      7
7       74      68      7
7       75      75      7
7       76      82      7
7       77      89      7
7       78      66      7
7       80      80      7
7       81      87      7
7       82      64      7
7       84      78      7
7       85      85      7
7       86      62      7
7       87      69      7
7       88      76      7
#x      #y      #z      #c      #comment Prime
23      0       0       23
23      2       16      23
23      3       9       23
23      4       2       23
23      5       25      23
23      6       18      23
23      8       4       23
23      9       27      23
23      10      20      23
23      12      6       23
23      14      22      23
23      15      15      23
23      16      8       23
23      18      24      23
23      20      10      23
23      21      3       23
23      22      26      23
23      24      12      23
23      25      5       23
23      26      28      23
23      27      21      23
23      28      14      23
#x      #y      #z      #c      #comment Prime
23      30      30      23
23      32      46      23
23      33      39      23
23      34      32      23
23      35      55      23
23      36      48      23
23      38      34      23
23      39      57      23
23      40      50      23
23      42      36      23
23      44      52      23
23      45      45      23
23      46      38      23
23      48      54      23
23      49      47      23
23      50      40      23
23      51      33      23
23      52      56      23
23      54      42      23
23      55      35      23
23      56      58      23
23      57      51      23
23      58      44      23
#x      #y      #z      #c      #comment Prime
23      60      60      23
23      62      76      23
23      63      69      23
23      64      62      23
23      65      85      23
23      66      78      23
23      68      64      23
23      69      87      23
23      70      80      23
23      72      66      23
23      73      89      23
23      74      82      23
23      75      75      23
23      76      68      23
23      77      61      23
23      78      84      23
23      80      70      23
23      81      63      23
23      82      86      23
23      84      72      23
23      85      65      23
23      86      88      23
23      87      81      23
23      88      74      23
