#x      #y      #z      #c      #comment Prime
13      0       0       13
13      2       26      13
13      3       9       13
13      4       22      13
13      5       5       13
13      6       18      13
13      8       14      13
13      9       27      13
13      10      10      13
13      12      6       13
13      14      2       13
13      15      15      13
13      16      28      13
13      18      24      13
13      20      20      13
13      21      3       13
13      22      16      13
13      24      12      13
13      25      25      13
13      26      8       13
13      27      21      13
13      28      4       13
#x      #y      #z      #c      #comment Prime
13      30      30      13
13      32      56      13
13      33      39      13
13      34      52      13
13      35      35      13
13      36      48      13
13      38      44      13
13      39      57      13
13      40      40      13
13      42      36      13
13      44      32      13
13      45      45      13
13      46      58      13
13      48      54      13
13      49      37      13
13      50      50      13
13      51      33      13
13      52      46      13
13      54      42      13
13      55      55      13
13      56      38      13
13      57      51      13
13      58      34      13
#x      #y      #z      #c      #comment Prime
13      60      60      13
13      62      86      13
13      63      69      13
13      64      82      13
13      65      65      13
13      66      78      13
13      68      74      13
13      69      87      13
13      70      70      13
13      72      66      13
13      73      79      13
13      74      62      13
13      75      75      13
13      76      88      13
13      77      71      13
13      78      84      13
13      80      80      13
13      81      63      13
13      82      76      13
13      84      72      13
13      85      85      13
13      86      68      13
13      87      81      13
13      88      64      13
#x      #y      #z      #c      #comment Prime
17      0       0       17
17      2       4       17
17      3       21      17
17      4       8       17
17      5       25      17
17      6       12      17
17      8       16      17
17      9       3       17
17      10      20      17
17      12      24      17
17      14      28      17
17      15      15      17
17      16      2       17
17      18      6       17
17      20      10      17
17      21      27      17
17      22      14      17
17      24      18      17
17      25      5       17
17      26      22      17
17      27      9       17
17      28      26      17
#x      #y      #z      #c      #comment Prime
17      30      30      17
17      32      34      17
17      33      51      17
17      34      38      17
17      35      55      17
17      36      42      17
17      38      46      17
17      39      33      17
17      40      50      17
17      42      54      17
17      44      58      17
17      45      45      17
17      46      32      17
17      48      36      17
17      49      53      17
17      50      40      17
17      51      57      17
17      52      44      17
17      54      48      17
17      55      35      17
17      56      52      17
17      57      39      17
17      58      56      17
#x      #y      #z      #c      #comment Prime
17      60      60      17
17      62      64      17
17      63      81      17
17      64      68      17
17      65      85      17
17      66      72      17
17      68      76      17
17      69      63      17
17      70      80      17
17      72      84      17
17      73      71      17
17      74      88      17
17      75      75      17
17      76      62      17
17      77      79      17
17      78      66      17
17      80      70      17
17      81      87      17
17      82      74      17
17      84      78      17
17      85      65      17
17      86      82      17
17      87      69      17
17      88      86      17
