#x      #y      #z      #c      #comment Prime
7       00      0       2
7       02      14      2
7       04      28      2
7       05      05      2
7       06      12      2
7       08      26      2
7       09      03      2
7       10      10      2
7       12      24      2
7       14      08      2
7       15      15      2
7       16      22      2
7       18      06      2
7       20      20      2
7       21      27      2
7       22      04      2
7       24      18      2
7       25      25      2
7       26      02      2
7       28      16      2
7       30      0       2
#x      #y      #z      #c      #comment Prime
7       32      14      2
7       33      21      2
7       34      28      2
7       35      05      2
7       36      12      2
7       38      26      2
7       39      03      2
7       40      10      2
7       42      24      2
7       44      08      2
7       45      15      2
7       46      22      2
7       48      06      2
7       49      13      2
7       50      20      2
7       51      27      2
7       52      04      2
7       54      18      2
7       55      25      2
7       56      02      2
7       57      09      2
7       58      16      2
#x      #y      #z      #c      #comment Prime
7       60      0       2
7       62      14      2
7       63      21      2
7       64      28      2
7       65      05      2
7       66      12      2
7       68      26      2
7       69      03      2
7       70      10      2
7       72      24      2
7       73      01      2
7       74      08      2
7       75      15      2
7       76      22      2
7       77      29      2
7       78      06      2
7       80      20      2
7       81      27      2
7       82      04      2
7       84      18      2
7       85      25      2
7       86      02      2
7       87      09      2
7       88      16      2
#x      #y      #z      #c      #comment Prime
23      00      0       2
23      02      16      2
23      04      02      2
23      05      25      2
23      06      18      2
23      08      04      2
23      09      27      2
23      10      20      2
23      12      06      2
23      14      22      2
23      15      15      2
23      16      08      2
23      18      24      2
23      20      10      2
23      21      03      2
23      22      26      2
23      24      12      2
23      25      05      2
23      26      28      2
23      28      14      2
23      30      0       2
#x      #y      #z      #c      #comment Prime
23      32      16      2
23      33      09      2
23      34      02      2
23      35      25      2
23      36      18      2
23      38      04      2
23      39      27      2
23      40      20      2
23      42      06      2
23      44      22      2
23      45      15      2
23      46      08      2
23      48      24      2
23      49      17      2
23      50      10      2
23      51      03      2
23      52      26      2
23      54      12      2
23      55      05      2
23      56      28      2
23      57      21      2
23      58      14      2
#x      #y      #z      #c      #comment Prime
23      60      0       2
23      62      16      2
23      63      09      2
23      64      02      2
23      65      25      2
23      66      18      2
23      68      04      2
23      69      27      2
23      70      20      2
23      72      06      2
23      73      29      2
23      74      22      2
23      75      15      2
23      76      08      2
23      77      01      2
23      78      24      2
23      80      10      2
23      81      03      2
23      82      26      2
23      84      12      2
23      85      05      2
23      86      28      2
23      87      21      2
23      88      14      2
