#x      #y      #z      #c      #comment Prime
0       0       0       0
0       1       0       0       #P
0       2       0       0
0       3       0       0
0       4       0       0
0       5       0       0
0       6       0       0
0       7       0       0       #P
0       8       0       0
0       9       0       0
0       10      0       0
0       11      0       0       #P
0       12      0       0
0       13      0       0       #P
0       14      0       0
0       15      0       0
0       16      0       0
0       17      0       0       #P
0       18      0       0
0       19      0       0       #P
0       20      0       0
0       21      0       0
0       22      0       0
0       23      0       0       #P
0       24      0       0
0       25      0       0
0       26      0       0
0       27      0       0
0       28      0       0
0       29      0       0       #P
#x      #y      #z      #c      #comment Prime
0       30      30      0
0       31      30      0       #P
0       32      30      0
0       33      30      0
0       34      30      0
0       35      30      0
0       36      30      0
0       37      30      0       #P
0       38      30      0
0       39      30      0
0       40      30      0
0       41      30      0       #P
0       42      30      0
0       43      30      0       #P
0       44      30      0
0       45      30      0
0       46      30      0
0       47      30      0       #P
0       48      30      0
0       49      30      0
0       50      30      0
0       51      30      0
0       52      30      0
0       53      30      0       #P
0       54      30      0
0       55      30      0
0       56      30      0
0       57      30      0
0       58      30      0
0       59      30      0       #P
#x      #y      #z      #c      #comment Prime
0       60      60      0
0       61      60      0       #P
0       62      60      0
0       63      60      0
0       64      60      0
0       65      60      0
0       66      60      0
0       67      60      0       #P
0       68      60      0
0       69      60      0
0       70      60      0
0       71      60      0       #P
0       72      60      0
0       73      60      0
0       74      60      0
0       75      60      0
0       76      60      0
0       77      60      0
0       78      60      0
0       79      60      0       #P
0       80      60      0
0       81      60      0
0       82      60      0
0       83      60      0       #P
0       84      60      0
0       85      60      0
0       86      60      0
0       87      60      0
0       88      60      0
0       89      60      0       #P
#x      #y      #z      #c      #comment Prime
2       0       0       2
2       1       2       2       #P
2       2       4       2
2       3       6       2
2       4       8       2
2       5       10      2
2       6       12      2
2       7       14      2       #P
2       8       16      2
2       9       18      2
2       10      20      2
2       11      22      2       #P
2       12      24      2
2       13      26      2       #P
2       14      28      2
2       15      0       2
2       16      2       2
2       17      4       2       #P
2       18      6       2
2       19      8       2       #P
2       20      10      2
2       21      12      2
2       22      14      2
2       23      16      2       #P
2       24      18      2
2       25      20      2
2       26      22      2
2       27      24      2
2       28      26      2
2       29      28      2       #P
#x      #y      #z      #c      #comment Prime
2       30      30      2
2       31      32      2       #P
2       32      34      2
2       33      36      2
2       34      38      2
2       35      40      2
2       36      42      2
2       37      44      2       #P
2       38      46      2
2       39      48      2
2       40      50      2
2       41      52      2       #P
2       42      54      2
2       43      56      2       #P
2       44      58      2
2       45      30      2
2       46      32      2
2       47      34      2       #P
2       48      36      2
2       49      38      2
2       50      40      2
2       51      42      2
2       52      44      2
2       53      46      2       #P
2       54      48      2
2       55      50      2
2       56      52      2
2       57      54      2
2       58      56      2
2       59      58      2       #P
#x      #y      #z      #c      #comment Prime
2       60      60      2
2       61      62      2       #P
2       62      64      2
2       63      66      2
2       64      68      2
2       65      70      2
2       66      72      2
2       67      74      2       #P
2       68      76      2
2       69      78      2
2       70      80      2
2       71      82      2       #P
2       72      84      2
2       73      86      2
2       74      88      2
2       75      60      2
2       76      62      2
2       77      64      2
2       78      66      2
2       79      68      2       #P
2       80      70      2
2       81      72      2
2       82      74      2
2       83      76      2       #P
2       84      78      2
2       85      80      2
2       86      82      2
2       87      84      2
2       88      86      2
2       89      88      2       #P
#x      #y      #z      #c      #comment Prime
3       0       0       3
3       1       3       3       #P
3       2       6       3
3       3       9       3
3       4       12      3
3       5       15      3
3       6       18      3
3       7       21      3       #P
3       8       24      3
3       9       27      3
3       10      0       3
3       11      3       3       #P
3       12      6       3
3       13      9       3       #P
3       14      12      3
3       15      15      3
3       16      18      3
3       17      21      3       #P
3       18      24      3
3       19      27      3       #P
3       20      0       3
3       21      3       3
3       22      6       3
3       23      9       3       #P
3       24      12      3
3       25      15      3
3       26      18      3
3       27      21      3
3       28      24      3
3       29      27      3       #P
#x      #y      #z      #c      #comment Prime
3       30      30      3
3       31      33      3       #P
3       32      36      3
3       33      39      3
3       34      42      3
3       35      45      3
3       36      48      3
3       37      51      3       #P
3       38      54      3
3       39      57      3
3       40      30      3
3       41      33      3       #P
3       42      36      3
3       43      39      3       #P
3       44      42      3
3       45      45      3
3       46      48      3
3       47      51      3       #P
3       48      54      3
3       49      57      3
3       50      30      3
3       51      33      3
3       52      36      3
3       53      39      3       #P
3       54      42      3
3       55      45      3
3       56      48      3
3       57      51      3
3       58      54      3
3       59      57      3       #P
#x      #y      #z      #c      #comment Prime
3       60      60      3
3       61      63      3       #P
3       62      66      3
3       63      69      3
3       64      72      3
3       65      75      3
3       66      78      3
3       67      81      3       #P
3       68      84      3
3       69      87      3
3       70      60      3
3       71      63      3       #P
3       72      66      3
3       73      69      3
3       74      72      3
3       75      75      3
3       76      78      3
3       77      81      3
3       78      84      3
3       79      87      3       #P
3       80      60      3
3       81      63      3
3       82      66      3
3       83      69      3       #P
3       84      72      3
3       85      75      3
3       86      78      3
3       87      81      3
3       88      84      3
3       89      87      3       #P
#x      #y      #z      #c      #comment Prime
4       0       0       4
4       1       4       4       #P
4       2       8       4
4       3       12      4
4       4       16      4
4       5       20      4
4       6       24      4
4       7       28      4       #P
4       8       2       4
4       9       6       4
4       10      10      4
4       11      14      4       #P
4       12      18      4
4       13      22      4       #P
4       14      26      4
4       15      0       4
4       16      4       4
4       17      8       4       #P
4       18      12      4
4       19      16      4       #P
4       20      20      4
4       21      24      4
4       22      28      4
4       23      2       4       #P
4       24      6       4
4       25      10      4
4       26      14      4
4       27      18      4
4       28      22      4
4       29      26      4       #P
#x      #y      #z      #c      #comment Prime
4       30      30      4
4       31      34      4       #P
4       32      38      4
4       33      42      4
4       34      46      4
4       35      50      4
4       36      54      4
4       37      58      4       #P
4       38      32      4
4       39      36      4
4       40      40      4
4       41      44      4       #P
4       42      48      4
4       43      52      4       #P
4       44      56      4
4       45      30      4
4       46      34      4
4       47      38      4       #P
4       48      42      4
4       49      46      4
4       50      50      4
4       51      54      4
4       52      58      4
4       53      32      4       #P
4       54      36      4
4       55      40      4
4       56      44      4
4       57      48      4
4       58      52      4
4       59      56      4       #P
#x      #y      #z      #c      #comment Prime
4       60      60      4
4       61      64      4       #P
4       62      68      4
4       63      72      4
4       64      76      4
4       65      80      4
4       66      84      4
4       67      88      4       #P
4       68      62      4
4       69      66      4
4       70      70      4
4       71      74      4       #P
4       72      78      4
4       73      82      4
4       74      86      4
4       75      60      4
4       76      64      4
4       77      68      4
4       78      72      4
4       79      76      4       #P
4       80      80      4
4       81      84      4
4       82      88      4
4       83      62      4       #P
4       84      66      4
4       85      70      4
4       86      74      4
4       87      78      4
4       88      82      4
4       89      86      4       #P
#x      #y      #z      #c      #comment Prime
5       0       0       5
5       1       5       5       #P
5       2       10      5
5       3       15      5
5       4       20      5
5       5       25      5
5       6       0       5
5       7       5       5       #P
5       8       10      5
5       9       15      5
5       10      20      5
5       11      25      5       #P
5       12      0       5
5       13      5       5       #P
5       14      10      5
5       15      15      5
5       16      20      5
5       17      25      5       #P
5       18      0       5
5       19      5       5       #P
5       20      10      5
5       21      15      5
5       22      20      5
5       23      25      5       #P
5       24      0       5
5       25      5       5
5       26      10      5
5       27      15      5
5       28      20      5
5       29      25      5       #P
#x      #y      #z      #c      #comment Prime
5       30      30      5
5       31      35      5       #P
5       32      40      5
5       33      45      5
5       34      50      5
5       35      55      5
5       36      30      5
5       37      35      5       #P
5       38      40      5
5       39      45      5
5       40      50      5
5       41      55      5       #P
5       42      30      5
5       43      35      5       #P
5       44      40      5
5       45      45      5
5       46      50      5
5       47      55      5       #P
5       48      30      5
5       49      35      5
5       50      40      5
5       51      45      5
5       52      50      5
5       53      55      5       #P
5       54      30      5
5       55      35      5
5       56      40      5
5       57      45      5
5       58      50      5
5       59      55      5       #P
#x      #y      #z      #c      #comment Prime
5       60      60      5
5       61      65      5       #P
5       62      70      5
5       63      75      5
5       64      80      5
5       65      85      5
5       66      60      5
5       67      65      5       #P
5       68      70      5
5       69      75      5
5       70      80      5
5       71      85      5       #P
5       72      60      5
5       73      65      5
5       74      70      5
5       75      75      5
5       76      80      5
5       77      85      5
5       78      60      5
5       79      65      5       #P
5       80      70      5
5       81      75      5
5       82      80      5
5       83      85      5       #P
5       84      60      5
5       85      65      5
5       86      70      5
5       87      75      5
5       88      80      5
5       89      85      5       #P
#x      #y      #z      #c      #comment Prime
6       0       0       6
6       1       6       6       #P
6       2       12      6
6       3       18      6
6       4       24      6
6       5       0       6
6       6       6       6
6       7       12      6       #P
6       8       18      6
6       9       24      6
6       10      0       6
6       11      6       6       #P
6       12      12      6
6       13      18      6       #P
6       14      24      6
6       15      0       6
6       16      6       6
6       17      12      6       #P
6       18      18      6
6       19      24      6       #P
6       20      0       6
6       21      6       6
6       22      12      6
6       23      18      6       #P
6       24      24      6
6       25      0       6
6       26      6       6
6       27      12      6
6       28      18      6
6       29      24      6       #P
#x      #y      #z      #c      #comment Prime
6       30      30      6
6       31      36      6       #P
6       32      42      6
6       33      48      6
6       34      54      6
6       35      30      6
6       36      36      6
6       37      42      6       #P
6       38      48      6
6       39      54      6
6       40      30      6
6       41      36      6       #P
6       42      42      6
6       43      48      6       #P
6       44      54      6
6       45      30      6
6       46      36      6
6       47      42      6       #P
6       48      48      6
6       49      54      6
6       50      30      6
6       51      36      6
6       52      42      6
6       53      48      6       #P
6       54      54      6
6       55      30      6
6       56      36      6
6       57      42      6
6       58      48      6
6       59      54      6       #P
#x      #y      #z      #c      #comment Prime
6       60      60      6
6       61      66      6       #P
6       62      72      6
6       63      78      6
6       64      84      6
6       65      60      6
6       66      66      6
6       67      72      6       #P
6       68      78      6
6       69      84      6
6       70      60      6
6       71      66      6       #P
6       72      72      6
6       73      78      6
6       74      84      6
6       75      60      6
6       76      66      6
6       77      72      6
6       78      78      6
6       79      84      6       #P
6       80      60      6
6       81      66      6
6       82      72      6
6       83      78      6       #P
6       84      84      6
6       85      60      6
6       86      66      6
6       87      72      6
6       88      78      6
6       89      84      6       #P
#x      #y      #z      #c      #comment Prime
8       0       0       8
8       1       8       8       #P
8       2       16      8
8       3       24      8
8       4       2       8
8       5       10      8
8       6       18      8
8       7       26      8       #P
8       8       4       8
8       9       12      8
8       10      20      8
8       11      28      8       #P
8       12      6       8
8       13      14      8       #P
8       14      22      8
8       15      0       8
8       16      8       8
8       17      16      8       #P
8       18      24      8
8       19      2       8       #P
8       20      10      8
8       21      18      8
8       22      26      8
8       23      4       8       #P
8       24      12      8
8       25      20      8
8       26      28      8
8       27      6       8
8       28      14      8
8       29      22      8       #P
#x      #y      #z      #c      #comment Prime
8       30      30      8
8       31      38      8       #P
8       32      46      8
8       33      54      8
8       34      32      8
8       35      40      8
8       36      48      8
8       37      56      8       #P
8       38      34      8
8       39      42      8
8       40      50      8
8       41      58      8       #P
8       42      36      8
8       43      44      8       #P
8       44      52      8
8       45      30      8
8       46      38      8
8       47      46      8       #P
8       48      54      8
8       49      32      8
8       50      40      8
8       51      48      8
8       52      56      8
8       53      34      8       #P
8       54      42      8
8       55      50      8
8       56      58      8
8       57      36      8
8       58      44      8
8       59      52      8       #P
#x      #y      #z      #c      #comment Prime
8       60      60      8
8       61      68      8       #P
8       62      76      8
8       63      84      8
8       64      62      8
8       65      70      8
8       66      78      8
8       67      86      8       #P
8       68      64      8
8       69      72      8
8       70      80      8
8       71      88      8       #P
8       72      66      8
8       73      74      8
8       74      82      8
8       75      60      8
8       76      68      8
8       77      76      8
8       78      84      8
8       79      62      8       #P
8       80      70      8
8       81      78      8
8       82      86      8
8       83      64      8       #P
8       84      72      8
8       85      80      8
8       86      88      8
8       87      66      8
8       88      74      8
8       89      82      8       #P
#x      #y      #z      #c      #comment Prime
9       0       0       9
9       1       9       9       #P
9       2       18      9
9       3       27      9
9       4       6       9
9       5       15      9
9       6       24      9
9       7       3       9       #P
9       8       12      9
9       9       21      9
9       10      0       9
9       11      9       9       #P
9       12      18      9
9       13      27      9       #P
9       14      6       9
9       15      15      9
9       16      24      9
9       17      3       9       #P
9       18      12      9
9       19      21      9       #P
9       20      0       9
9       21      9       9
9       22      18      9
9       23      27      9       #P
9       24      6       9
9       25      15      9
9       26      24      9
9       27      3       9
9       28      12      9
9       29      21      9       #P
#x      #y      #z      #c      #comment Prime
9       30      30      9
9       31      39      9       #P
9       32      48      9
9       33      57      9
9       34      36      9
9       35      45      9
9       36      54      9
9       37      33      9       #P
9       38      42      9
9       39      51      9
9       40      30      9
9       41      39      9       #P
9       42      48      9
9       43      57      9       #P
9       44      36      9
9       45      45      9
9       46      54      9
9       47      33      9       #P
9       48      42      9
9       49      51      9
9       50      30      9
9       51      39      9
9       52      48      9
9       53      57      9       #P
9       54      36      9
9       55      45      9
9       56      54      9
9       57      33      9
9       58      42      9
9       59      51      9       #P
#x      #y      #z      #c      #comment Prime
9       60      60      9
9       61      69      9       #P
9       62      78      9
9       63      87      9
9       64      66      9
9       65      75      9
9       66      84      9
9       67      63      9       #P
9       68      72      9
9       69      81      9
9       70      60      9
9       71      69      9       #P
9       72      78      9
9       73      87      9
9       74      66      9
9       75      75      9
9       76      84      9
9       77      63      9
9       78      72      9
9       79      81      9       #P
9       80      60      9
9       81      69      9
9       82      78      9
9       83      87      9       #P
9       84      66      9
9       85      75      9
9       86      84      9
9       87      63      9
9       88      72      9
9       89      81      9       #P
#x      #y      #z      #c      #comment Prime
10      0       0       10
10      1       10      10      #P
10      2       20      10
10      3       0       10
10      4       10      10
10      5       20      10
10      6       0       10
10      7       10      10      #P
10      8       20      10
10      9       0       10
10      10      10      10
10      11      20      10      #P
10      12      0       10
10      13      10      10      #P
10      14      20      10
10      15      0       10
10      16      10      10
10      17      20      10      #P
10      18      0       10
10      19      10      10      #P
10      20      20      10
10      21      0       10
10      22      10      10
10      23      20      10      #P
10      24      0       10
10      25      10      10
10      26      20      10
10      27      0       10
10      28      10      10
10      29      20      10      #P
#x      #y      #z      #c      #comment Prime
10      30      30      10
10      31      40      10      #P
10      32      50      10
10      33      30      10
10      34      40      10
10      35      50      10
10      36      30      10
10      37      40      10      #P
10      38      50      10
10      39      30      10
10      40      40      10
10      41      50      10      #P
10      42      30      10
10      43      40      10      #P
10      44      50      10
10      45      30      10
10      46      40      10
10      47      50      10      #P
10      48      30      10
10      49      40      10
10      50      50      10
10      51      30      10
10      52      40      10
10      53      50      10      #P
10      54      30      10
10      55      40      10
10      56      50      10
10      57      30      10
10      58      40      10
10      59      50      10      #P
#x      #y      #z      #c      #comment Prime
10      60      60      10
10      61      70      10      #P
10      62      80      10
10      63      60      10
10      64      70      10
10      65      80      10
10      66      60      10
10      67      70      10      #P
10      68      80      10
10      69      60      10
10      70      70      10
10      71      80      10      #P
10      72      60      10
10      73      70      10
10      74      80      10
10      75      60      10
10      76      70      10
10      77      80      10
10      78      60      10
10      79      70      10      #P
10      80      80      10
10      81      60      10
10      82      70      10
10      83      80      10      #P
10      84      60      10
10      85      70      10
10      86      80      10
10      87      60      10
10      88      70      10
10      89      80      10      #P
#x      #y      #z      #c      #comment Prime
12      0       0       12
12      1       12      12      #P
12      2       24      12
12      3       6       12
12      4       18      12
12      5       0       12
12      6       12      12
12      7       24      12      #P
12      8       6       12
12      9       18      12
12      10      0       12
12      11      12      12      #P
12      12      24      12
12      13      6       12      #P
12      14      18      12
12      15      0       12
12      16      12      12
12      17      24      12      #P
12      18      6       12
12      19      18      12      #P
12      20      0       12
12      21      12      12
12      22      24      12
12      23      6       12      #P
12      24      18      12
12      25      0       12
12      26      12      12
12      27      24      12
12      28      6       12
12      29      18      12      #P
#x      #y      #z      #c      #comment Prime
12      30      30      12
12      31      42      12      #P
12      32      54      12
12      33      36      12
12      34      48      12
12      35      30      12
12      36      42      12
12      37      54      12      #P
12      38      36      12
12      39      48      12
12      40      30      12
12      41      42      12      #P
12      42      54      12
12      43      36      12      #P
12      44      48      12
12      45      30      12
12      46      42      12
12      47      54      12      #P
12      48      36      12
12      49      48      12
12      50      30      12
12      51      42      12
12      52      54      12
12      53      36      12      #P
12      54      48      12
12      55      30      12
12      56      42      12
12      57      54      12
12      58      36      12
12      59      48      12      #P
#x      #y      #z      #c      #comment Prime
12      60      60      12
12      61      72      12      #P
12      62      84      12
12      63      66      12
12      64      78      12
12      65      60      12
12      66      72      12
12      67      84      12      #P
12      68      66      12
12      69      78      12
12      70      60      12
12      71      72      12      #P
12      72      84      12
12      73      66      12
12      74      78      12
12      75      60      12
12      76      72      12
12      77      84      12
12      78      66      12
12      79      78      12      #P
12      80      60      12
12      81      72      12
12      82      84      12
12      83      66      12      #P
12      84      78      12
12      85      60      12
12      86      72      12
12      87      84      12
12      88      66      12
12      89      78      12      #P
#x      #y      #z      #c      #comment Prime
14      0       0       14
14      1       14      14      #P
14      2       28      14
14      3       12      14
14      4       26      14
14      5       10      14
14      6       24      14
14      7       8       14      #P
14      8       22      14
14      9       6       14
14      10      20      14
14      11      4       14      #P
14      12      18      14
14      13      2       14      #P
14      14      16      14
14      15      0       14
14      16      14      14
14      17      28      14      #P
14      18      12      14
14      19      26      14      #P
14      20      10      14
14      21      24      14
14      22      8       14
14      23      22      14      #P
14      24      6       14
14      25      20      14
14      26      4       14
14      27      18      14
14      28      2       14
14      29      16      14      #P
#x      #y      #z      #c      #comment Prime
14      30      30      14
14      31      44      14      #P
14      32      58      14
14      33      42      14
14      34      56      14
14      35      40      14
14      36      54      14
14      37      38      14      #P
14      38      52      14
14      39      36      14
14      40      50      14
14      41      34      14      #P
14      42      48      14
14      43      32      14      #P
14      44      46      14
14      45      30      14
14      46      44      14
14      47      58      14      #P
14      48      42      14
14      49      56      14
14      50      40      14
14      51      54      14
14      52      38      14
14      53      52      14      #P
14      54      36      14
14      55      50      14
14      56      34      14
14      57      48      14
14      58      32      14
14      59      46      14      #P
#x      #y      #z      #c      #comment Prime
14      60      60      14
14      61      74      14      #P
14      62      88      14
14      63      72      14
14      64      86      14
14      65      70      14
14      66      84      14
14      67      68      14      #P
14      68      82      14
14      69      66      14
14      70      80      14
14      71      64      14      #P
14      72      78      14
14      73      62      14
14      74      76      14
14      75      60      14
14      76      74      14
14      77      88      14
14      78      72      14
14      79      86      14      #P
14      80      70      14
14      81      84      14
14      82      68      14
14      83      82      14      #P
14      84      66      14
14      85      80      14
14      86      64      14
14      87      78      14
14      88      62      14
14      89      76      14      #P
#x      #y      #z      #c      #comment Prime
15      0       0       15
15      1       15      15      #P
15      2       0       15
15      3       15      15
15      4       0       15
15      5       15      15
15      6       0       15
15      7       15      15      #P
15      8       0       15
15      9       15      15
15      10      0       15
15      11      15      15      #P
15      12      0       15
15      13      15      15      #P
15      14      0       15
15      15      15      15
15      16      0       15
15      17      15      15      #P
15      18      0       15
15      19      15      15      #P
15      20      0       15
15      21      15      15
15      22      0       15
15      23      15      15      #P
15      24      0       15
15      25      15      15
15      26      0       15
15      27      15      15
15      28      0       15
15      29      15      15      #P
#x      #y      #z      #c      #comment Prime
15      30      30      15
15      31      45      15      #P
15      32      30      15
15      33      45      15
15      34      30      15
15      35      45      15
15      36      30      15
15      37      45      15      #P
15      38      30      15
15      39      45      15
15      40      30      15
15      41      45      15      #P
15      42      30      15
15      43      45      15      #P
15      44      30      15
15      45      45      15
15      46      30      15
15      47      45      15      #P
15      48      30      15
15      49      45      15
15      50      30      15
15      51      45      15
15      52      30      15
15      53      45      15      #P
15      54      30      15
15      55      45      15
15      56      30      15
15      57      45      15
15      58      30      15
15      59      45      15      #P
#x      #y      #z      #c      #comment Prime
15      60      60      15
15      61      75      15      #P
15      62      60      15
15      63      75      15
15      64      60      15
15      65      75      15
15      66      60      15
15      67      75      15      #P
15      68      60      15
15      69      75      15
15      70      60      15
15      71      75      15      #P
15      72      60      15
15      73      75      15
15      74      60      15
15      75      75      15
15      76      60      15
15      77      75      15
15      78      60      15
15      79      75      15      #P
15      80      60      15
15      81      75      15
15      82      60      15
15      83      75      15      #P
15      84      60      15
15      85      75      15
15      86      60      15
15      87      75      15
15      88      60      15
15      89      75      15      #P
#x      #y      #z      #c      #comment Prime
16      0       0       16
16      1       16      16      #P
16      2       2       16
16      3       18      16
16      4       4       16
16      5       20      16
16      6       6       16
16      7       22      16      #P
16      8       8       16
16      9       24      16
16      10      10      16
16      11      26      16      #P
16      12      12      16
16      13      28      16      #P
16      14      14      16
16      15      0       16
16      16      16      16
16      17      2       16      #P
16      18      18      16
16      19      4       16      #P
16      20      20      16
16      21      6       16
16      22      22      16
16      23      8       16      #P
16      24      24      16
16      25      10      16
16      26      26      16
16      27      12      16
16      28      28      16
16      29      14      16      #P
#x      #y      #z      #c      #comment Prime
16      30      30      16
16      31      46      16      #P
16      32      32      16
16      33      48      16
16      34      34      16
16      35      50      16
16      36      36      16
16      37      52      16      #P
16      38      38      16
16      39      54      16
16      40      40      16
16      41      56      16      #P
16      42      42      16
16      43      58      16      #P
16      44      44      16
16      45      30      16
16      46      46      16
16      47      32      16      #P
16      48      48      16
16      49      34      16
16      50      50      16
16      51      36      16
16      52      52      16
16      53      38      16      #P
16      54      54      16
16      55      40      16
16      56      56      16
16      57      42      16
16      58      58      16
16      59      44      16      #P
#x      #y      #z      #c      #comment Prime
16      60      60      16
16      61      76      16      #P
16      62      62      16
16      63      78      16
16      64      64      16
16      65      80      16
16      66      66      16
16      67      82      16      #P
16      68      68      16
16      69      84      16
16      70      70      16
16      71      86      16      #P
16      72      72      16
16      73      88      16
16      74      74      16
16      75      60      16
16      76      76      16
16      77      62      16
16      78      78      16
16      79      64      16      #P
16      80      80      16
16      81      66      16
16      82      82      16
16      83      68      16      #P
16      84      84      16
16      85      70      16
16      86      86      16
16      87      72      16
16      88      88      16
16      89      74      16      #P
#x      #y      #z      #c      #comment Prime
18      0       0       18
18      1       18      18      #P
18      2       6       18
18      3       24      18
18      4       12      18
18      5       0       18
18      6       18      18
18      7       6       18      #P
18      8       24      18
18      9       12      18
18      10      0       18
18      11      18      18      #P
18      12      6       18
18      13      24      18      #P
18      14      12      18
18      15      0       18
18      16      18      18
18      17      6       18      #P
18      18      24      18
18      19      12      18      #P
18      20      0       18
18      21      18      18
18      22      6       18
18      23      24      18      #P
18      24      12      18
18      25      0       18
18      26      18      18
18      27      6       18
18      28      24      18
18      29      12      18      #P
#x      #y      #z      #c      #comment Prime
18      30      30      18
18      31      48      18      #P
18      32      36      18
18      33      54      18
18      34      42      18
18      35      30      18
18      36      48      18
18      37      36      18      #P
18      38      54      18
18      39      42      18
18      40      30      18
18      41      48      18      #P
18      42      36      18
18      43      54      18      #P
18      44      42      18
18      45      30      18
18      46      48      18
18      47      36      18      #P
18      48      54      18
18      49      42      18
18      50      30      18
18      51      48      18
18      52      36      18
18      53      54      18      #P
18      54      42      18
18      55      30      18
18      56      48      18
18      57      36      18
18      58      54      18
18      59      42      18      #P
#x      #y      #z      #c      #comment Prime
18      60      60      18
18      61      78      18      #P
18      62      66      18
18      63      84      18
18      64      72      18
18      65      60      18
18      66      78      18
18      67      66      18      #P
18      68      84      18
18      69      72      18
18      70      60      18
18      71      78      18      #P
18      72      66      18
18      73      84      18
18      74      72      18
18      75      60      18
18      76      78      18
18      77      66      18
18      78      84      18
18      79      72      18      #P
18      80      60      18
18      81      78      18
18      82      66      18
18      83      84      18      #P
18      84      72      18
18      85      60      18
18      86      78      18
18      87      66      18
18      88      84      18
18      89      72      18      #P
#x      #y      #z      #c      #comment Prime
20      0       0       20
20      1       20      20      #P
20      2       10      20
20      3       0       20
20      4       20      20
20      5       10      20
20      6       0       20
20      7       20      20      #P
20      8       10      20
20      9       0       20
20      10      20      20
20      11      10      20      #P
20      12      0       20
20      13      20      20      #P
20      14      10      20
20      15      0       20
20      16      20      20
20      17      10      20      #P
20      18      0       20
20      19      20      20      #P
20      20      10      20
20      21      0       20
20      22      20      20
20      23      10      20      #P
20      24      0       20
20      25      20      20
20      26      10      20
20      27      0       20
20      28      20      20
20      29      10      20      #P
#x      #y      #z      #c      #comment Prime
20      30      30      20
20      31      50      20      #P
20      32      40      20
20      33      30      20
20      34      50      20
20      35      40      20
20      36      30      20
20      37      50      20      #P
20      38      40      20
20      39      30      20
20      40      50      20
20      41      40      20      #P
20      42      30      20
20      43      50      20      #P
20      44      40      20
20      45      30      20
20      46      50      20
20      47      40      20      #P
20      48      30      20
20      49      50      20
20      50      40      20
20      51      30      20
20      52      50      20
20      53      40      20      #P
20      54      30      20
20      55      50      20
20      56      40      20
20      57      30      20
20      58      50      20
20      59      40      20      #P
#x      #y      #z      #c      #comment Prime
20      60      60      20
20      61      80      20      #P
20      62      70      20
20      63      60      20
20      64      80      20
20      65      70      20
20      66      60      20
20      67      80      20      #P
20      68      70      20
20      69      60      20
20      70      80      20
20      71      70      20      #P
20      72      60      20
20      73      80      20
20      74      70      20
20      75      60      20
20      76      80      20
20      77      70      20
20      78      60      20
20      79      80      20      #P
20      80      70      20
20      81      60      20
20      82      80      20
20      83      70      20      #P
20      84      60      20
20      85      80      20
20      86      70      20
20      87      60      20
20      88      80      20
20      89      70      20      #P
#x      #y      #z      #c      #comment Prime
21      0       0       21
21      1       21      21      #P
21      2       12      21
21      3       3       21
21      4       24      21
21      5       15      21
21      6       6       21
21      7       27      21      #P
21      8       18      21
21      9       9       21
21      10      0       21
21      11      21      21      #P
21      12      12      21
21      13      3       21      #P
21      14      24      21
21      15      15      21
21      16      6       21
21      17      27      21      #P
21      18      18      21
21      19      9       21      #P
21      20      0       21
21      21      21      21
21      22      12      21
21      23      3       21      #P
21      24      24      21
21      25      15      21
21      26      6       21
21      27      27      21
21      28      18      21
21      29      9       21      #P
#x      #y      #z      #c      #comment Prime
21      30      30      21
21      31      51      21      #P
21      32      42      21
21      33      33      21
21      34      54      21
21      35      45      21
21      36      36      21
21      37      57      21      #P
21      38      48      21
21      39      39      21
21      40      30      21
21      41      51      21      #P
21      42      42      21
21      43      33      21      #P
21      44      54      21
21      45      45      21
21      46      36      21
21      47      57      21      #P
21      48      48      21
21      49      39      21
21      50      30      21
21      51      51      21
21      52      42      21
21      53      33      21      #P
21      54      54      21
21      55      45      21
21      56      36      21
21      57      57      21
21      58      48      21
21      59      39      21      #P
#x      #y      #z      #c      #comment Prime
21      60      60      21
21      61      81      21      #P
21      62      72      21
21      63      63      21
21      64      84      21
21      65      75      21
21      66      66      21
21      67      87      21      #P
21      68      78      21
21      69      69      21
21      70      60      21
21      71      81      21      #P
21      72      72      21
21      73      63      21
21      74      84      21
21      75      75      21
21      76      66      21
21      77      87      21
21      78      78      21
21      79      69      21      #P
21      80      60      21
21      81      81      21
21      82      72      21
21      83      63      21      #P
21      84      84      21
21      85      75      21
21      86      66      21
21      87      87      21
21      88      78      21
21      89      69      21      #P
#x      #y      #z      #c      #comment Prime
22      0       0       22
22      1       22      22      #P
22      2       14      22
22      3       6       22
22      4       28      22
22      5       20      22
22      6       12      22
22      7       4       22      #P
22      8       26      22
22      9       18      22
22      10      10      22
22      11      2       22      #P
22      12      24      22
22      13      16      22      #P
22      14      8       22
22      15      0       22
22      16      22      22
22      17      14      22      #P
22      18      6       22
22      19      28      22      #P
22      20      20      22
22      21      12      22
22      22      4       22
22      23      26      22      #P
22      24      18      22
22      25      10      22
22      26      2       22
22      27      24      22
22      28      16      22
22      29      8       22      #P
#x      #y      #z      #c      #comment Prime
22      30      30      22
22      31      52      22      #P
22      32      44      22
22      33      36      22
22      34      58      22
22      35      50      22
22      36      42      22
22      37      34      22      #P
22      38      56      22
22      39      48      22
22      40      40      22
22      41      32      22      #P
22      42      54      22
22      43      46      22      #P
22      44      38      22
22      45      30      22
22      46      52      22
22      47      44      22      #P
22      48      36      22
22      49      58      22
22      50      50      22
22      51      42      22
22      52      34      22
22      53      56      22      #P
22      54      48      22
22      55      40      22
22      56      32      22
22      57      54      22
22      58      46      22
22      59      38      22      #P
#x      #y      #z      #c      #comment Prime
22      60      60      22
22      61      82      22      #P
22      62      74      22
22      63      66      22
22      64      88      22
22      65      80      22
22      66      72      22
22      67      64      22      #P
22      68      86      22
22      69      78      22
22      70      70      22
22      71      62      22      #P
22      72      84      22
22      73      76      22
22      74      68      22
22      75      60      22
22      76      82      22
22      77      74      22
22      78      66      22
22      79      88      22      #P
22      80      80      22
22      81      72      22
22      82      64      22
22      83      86      22      #P
22      84      78      22
22      85      70      22
22      86      62      22
22      87      84      22
22      88      76      22
22      89      68      22      #P
#x      #y      #z      #c      #comment Prime
24      0       0       24
24      1       24      24      #P
24      2       18      24
24      3       12      24
24      4       6       24
24      5       0       24
24      6       24      24
24      7       18      24      #P
24      8       12      24
24      9       6       24
24      10      0       24
24      11      24      24      #P
24      12      18      24
24      13      12      24      #P
24      14      6       24
24      15      0       24
24      16      24      24
24      17      18      24      #P
24      18      12      24
24      19      6       24      #P
24      20      0       24
24      21      24      24
24      22      18      24
24      23      12      24      #P
24      24      6       24
24      25      0       24
24      26      24      24
24      27      18      24
24      28      12      24
24      29      6       24      #P
#x      #y      #z      #c      #comment Prime
24      30      30      24
24      31      54      24      #P
24      32      48      24
24      33      42      24
24      34      36      24
24      35      30      24
24      36      54      24
24      37      48      24      #P
24      38      42      24
24      39      36      24
24      40      30      24
24      41      54      24      #P
24      42      48      24
24      43      42      24      #P
24      44      36      24
24      45      30      24
24      46      54      24
24      47      48      24      #P
24      48      42      24
24      49      36      24
24      50      30      24
24      51      54      24
24      52      48      24
24      53      42      24      #P
24      54      36      24
24      55      30      24
24      56      54      24
24      57      48      24
24      58      42      24
24      59      36      24      #P
#x      #y      #z      #c      #comment Prime
24      60      60      24
24      61      84      24      #P
24      62      78      24
24      63      72      24
24      64      66      24
24      65      60      24
24      66      84      24
24      67      78      24      #P
24      68      72      24
24      69      66      24
24      70      60      24
24      71      84      24      #P
24      72      78      24
24      73      72      24
24      74      66      24
24      75      60      24
24      76      84      24
24      77      78      24
24      78      72      24
24      79      66      24      #P
24      80      60      24
24      81      84      24
24      82      78      24
24      83      72      24      #P
24      84      66      24
24      85      60      24
24      86      84      24
24      87      78      24
24      88      72      24
24      89      66      24      #P
#x      #y      #z      #c      #comment Prime
25      0       0       25
25      1       25      25      #P
25      2       20      25
25      3       15      25
25      4       10      25
25      5       5       25
25      6       0       25
25      7       25      25      #P
25      8       20      25
25      9       15      25
25      10      10      25
25      11      5       25      #P
25      12      0       25
25      13      25      25      #P
25      14      20      25
25      15      15      25
25      16      10      25
25      17      5       25      #P
25      18      0       25
25      19      25      25      #P
25      20      20      25
25      21      15      25
25      22      10      25
25      23      5       25      #P
25      24      0       25
25      25      25      25
25      26      20      25
25      27      15      25
25      28      10      25
25      29      5       25      #P
#x      #y      #z      #c      #comment Prime
25      30      30      25
25      31      55      25      #P
25      32      50      25
25      33      45      25
25      34      40      25
25      35      35      25
25      36      30      25
25      37      55      25      #P
25      38      50      25
25      39      45      25
25      40      40      25
25      41      35      25      #P
25      42      30      25
25      43      55      25      #P
25      44      50      25
25      45      45      25
25      46      40      25
25      47      35      25      #P
25      48      30      25
25      49      55      25
25      50      50      25
25      51      45      25
25      52      40      25
25      53      35      25      #P
25      54      30      25
25      55      55      25
25      56      50      25
25      57      45      25
25      58      40      25
25      59      35      25      #P
#x      #y      #z      #c      #comment Prime
25      60      60      25
25      61      85      25      #P
25      62      80      25
25      63      75      25
25      64      70      25
25      65      65      25
25      66      60      25
25      67      85      25      #P
25      68      80      25
25      69      75      25
25      70      70      25
25      71      65      25      #P
25      72      60      25
25      73      85      25
25      74      80      25
25      75      75      25
25      76      70      25
25      77      65      25
25      78      60      25
25      79      85      25      #P
25      80      80      25
25      81      75      25
25      82      70      25
25      83      65      25      #P
25      84      60      25
25      85      85      25
25      86      80      25
25      87      75      25
25      88      70      25
25      89      65      25      #P
#x      #y      #z      #c      #comment Prime
26      0       0       26
26      1       26      26      #P
26      2       22      26
26      3       18      26
26      4       14      26
26      5       10      26
26      6       6       26
26      7       2       26      #P
26      8       28      26
26      9       24      26
26      10      20      26
26      11      16      26      #P
26      12      12      26
26      13      8       26      #P
26      14      4       26
26      15      0       26
26      16      26      26
26      17      22      26      #P
26      18      18      26
26      19      14      26      #P
26      20      10      26
26      21      6       26
26      22      2       26
26      23      28      26      #P
26      24      24      26
26      25      20      26
26      26      16      26
26      27      12      26
26      28      8       26
26      29      4       26      #P
#x      #y      #z      #c      #comment Prime
26      30      30      26
26      31      56      26      #P
26      32      52      26
26      33      48      26
26      34      44      26
26      35      40      26
26      36      36      26
26      37      32      26      #P
26      38      58      26
26      39      54      26
26      40      50      26
26      41      46      26      #P
26      42      42      26
26      43      38      26      #P
26      44      34      26
26      45      30      26
26      46      56      26
26      47      52      26      #P
26      48      48      26
26      49      44      26
26      50      40      26
26      51      36      26
26      52      32      26
26      53      58      26      #P
26      54      54      26
26      55      50      26
26      56      46      26
26      57      42      26
26      58      38      26
26      59      34      26      #P
#x      #y      #z      #c      #comment Prime
26      60      60      26
26      61      86      26      #P
26      62      82      26
26      63      78      26
26      64      74      26
26      65      70      26
26      66      66      26
26      67      62      26      #P
26      68      88      26
26      69      84      26
26      70      80      26
26      71      76      26      #P
26      72      72      26
26      73      68      26
26      74      64      26
26      75      60      26
26      76      86      26
26      77      82      26
26      78      78      26
26      79      74      26      #P
26      80      70      26
26      81      66      26
26      82      62      26
26      83      88      26      #P
26      84      84      26
26      85      80      26
26      86      76      26
26      87      72      26
26      88      68      26
26      89      64      26      #P
#x      #y      #z      #c      #comment Prime
27      0       0       27
27      1       27      27      #P
27      2       24      27
27      3       21      27
27      4       18      27
27      5       15      27
27      6       12      27
27      7       9       27      #P
27      8       6       27
27      9       3       27
27      10      0       27
27      11      27      27      #P
27      12      24      27
27      13      21      27      #P
27      14      18      27
27      15      15      27
27      16      12      27
27      17      9       27      #P
27      18      6       27
27      19      3       27      #P
27      20      0       27
27      21      27      27
27      22      24      27
27      23      21      27      #P
27      24      18      27
27      25      15      27
27      26      12      27
27      27      9       27
27      28      6       27
27      29      3       27      #P
#x      #y      #z      #c      #comment Prime
27      30      30      27
27      31      57      27      #P
27      32      54      27
27      33      51      27
27      34      48      27
27      35      45      27
27      36      42      27
27      37      39      27      #P
27      38      36      27
27      39      33      27
27      40      30      27
27      41      57      27      #P
27      42      54      27
27      43      51      27      #P
27      44      48      27
27      45      45      27
27      46      42      27
27      47      39      27      #P
27      48      36      27
27      49      33      27
27      50      30      27
27      51      57      27
27      52      54      27
27      53      51      27      #P
27      54      48      27
27      55      45      27
27      56      42      27
27      57      39      27
27      58      36      27
27      59      33      27      #P
#x      #y      #z      #c      #comment Prime
27      60      60      27
27      61      87      27      #P
27      62      84      27
27      63      81      27
27      64      78      27
27      65      75      27
27      66      72      27
27      67      69      27      #P
27      68      66      27
27      69      63      27
27      70      60      27
27      71      87      27      #P
27      72      84      27
27      73      81      27
27      74      78      27
27      75      75      27
27      76      72      27
27      77      69      27
27      78      66      27
27      79      63      27      #P
27      80      60      27
27      81      87      27
27      82      84      27
27      83      81      27      #P
27      84      78      27
27      85      75      27
27      86      72      27
27      87      69      27
27      88      66      27
27      89      63      27      #P
#x      #y      #z      #c      #comment Prime
28      0       0       28
28      1       28      28      #P
28      2       26      28
28      3       24      28
28      4       22      28
28      5       20      28
28      6       18      28
28      7       16      28      #P
28      8       14      28
28      9       12      28
28      10      10      28
28      11      8       28      #P
28      12      6       28
28      13      4       28      #P
28      14      2       28
28      15      0       28
28      16      28      28
28      17      26      28      #P
28      18      24      28
28      19      22      28      #P
28      20      20      28
28      21      18      28
28      22      16      28
28      23      14      28      #P
28      24      12      28
28      25      10      28
28      26      8       28
28      27      6       28
28      28      4       28
28      29      2       28      #P
#x      #y      #z      #c      #comment Prime
28      30      30      28
28      31      58      28      #P
28      32      56      28
28      33      54      28
28      34      52      28
28      35      50      28
28      36      48      28
28      37      46      28      #P
28      38      44      28
28      39      42      28
28      40      40      28
28      41      38      28      #P
28      42      36      28
28      43      34      28      #P
28      44      32      28
28      45      30      28
28      46      58      28
28      47      56      28      #P
28      48      54      28
28      49      52      28
28      50      50      28
28      51      48      28
28      52      46      28
28      53      44      28      #P
28      54      42      28
28      55      40      28
28      56      38      28
28      57      36      28
28      58      34      28
28      59      32      28      #P
#x      #y      #z      #c      #comment Prime
28      60      60      28
28      61      88      28      #P
28      62      86      28
28      63      84      28
28      64      82      28
28      65      80      28
28      66      78      28
28      67      76      28      #P
28      68      74      28
28      69      72      28
28      70      70      28
28      71      68      28      #P
28      72      66      28
28      73      64      28
28      74      62      28
28      75      60      28
28      76      88      28
28      77      86      28
28      78      84      28
28      79      82      28      #P
28      80      80      28
28      81      78      28
28      82      76      28
28      83      74      28      #P
28      84      72      28
28      85      70      28
28      86      68      28
28      87      66      28
28      88      64      28
28      89      62      28      #P
#x      #y      #z      #c      #comment Prime
30      0       0       30
30      1       0       30      #P
30      2       0       30
30      3       0       30
30      4       0       30
30      5       0       30
30      6       0       30
30      7       0       30      #P
30      8       0       30
30      9       0       30
30      10      0       30
30      11      0       30      #P
30      12      0       30
30      13      0       30      #P
30      14      0       30
30      15      0       30
30      16      0       30
30      17      0       30      #P
30      18      0       30
30      19      0       30      #P
30      20      0       30
30      21      0       30
30      22      0       30
30      23      0       30      #P
30      24      0       30
30      25      0       30
30      26      0       30
30      27      0       30
30      28      0       30
30      29      0       30      #P
#x      #y      #z      #c      #comment Prime
30      30      30      30
30      31      30      30      #P
30      32      30      30
30      33      30      30
30      34      30      30
30      35      30      30
30      36      30      30
30      37      30      30      #P
30      38      30      30
30      39      30      30
30      40      30      30
30      41      30      30      #P
30      42      30      30
30      43      30      30      #P
30      44      30      30
30      45      30      30
30      46      30      30
30      47      30      30      #P
30      48      30      30
30      49      30      30
30      50      30      30
30      51      30      30
30      52      30      30
30      53      30      30      #P
30      54      30      30
30      55      30      30
30      56      30      30
30      57      30      30
30      58      30      30
30      59      30      30      #P
#x      #y      #z      #c      #comment Prime
30      60      60      30
30      61      60      30      #P
30      62      60      30
30      63      60      30
30      64      60      30
30      65      60      30
30      66      60      30
30      67      60      30      #P
30      68      60      30
30      69      60      30
30      70      60      30
30      71      60      30      #P
30      72      60      30
30      73      60      30
30      74      60      30
30      75      60      30
30      76      60      30
30      77      60      30
30      78      60      30
30      79      60      30      #P
30      80      60      30
30      81      60      30
30      82      60      30
30      83      60      30      #P
30      84      60      30
30      85      60      30
30      86      60      30
30      87      60      30
30      88      60      30
30      89      60      30      #P
