#x      #y      #z      #c      #comment Prime
11      0       0       11
11      2       22      11
11      3       3       11
11      4       14      11
11      5       25      11
11      6       6       11
11      8       28      11
11      9       9       11
11      10      20      11
11      12      12      11
11      14      4       11
11      15      15      11
11      16      26      11
11      18      18      11
11      20      10      11
11      21      21      11
11      22      2       11
11      24      24      11
11      25      5       11
11      26      16      11
11      27      27      11
11      28      8       11
#x      #y      #z      #c      #comment Prime
11      30      30      11
11      32      52      11
11      33      33      11
11      34      44      11
11      35      55      11
11      36      36      11
11      38      58      11
11      39      39      11
11      40      50      11
11      42      42      11
11      44      34      11
11      45      45      11
11      46      56      11
11      48      48      11
11      49      59      11
11      50      40      11
11      51      51      11
11      52      32      11
11      54      54      11
11      55      35      11
11      56      46      11
11      57      57      11
11      58      38      11
#x      #y      #z      #c      #comment Prime
11      60      60      11
11      62      82      11
11      63      63      11
11      64      74      11
11      65      85      11
11      66      66      11
11      68      88      11
11      69      69      11
11      70      80      11
11      72      72      11
11      73      83      11
11      74      64      11
11      75      75      11
11      76      86      11
11      77      67      11
11      78      78      11
11      80      70      11
11      81      81      11
11      82      62      11
11      84      84      11
11      85      65      11
11      86      76      11
11      87      87      11
11      88      68      11
#x      #y      #z      #c      #comment Prime
19      0       0       19
19      2       8       19
19      3       27      19
19      4       16      19
19      5       5       19
19      6       24      19
19      8       2       19
19      9       21      19
19      10      10      19
19      12      18      19
19      14      26      19
19      15      15      19
19      16      4       19
19      18      12      19
19      20      20      19
19      21      9       19
19      22      28      19
19      24      6       19
19      25      25      19
19      26      14      19
19      27      3       19
19      28      22      19
#x      #y      #z      #c      #comment Prime
19      30      30      19
19      32      38      19
19      33      57      19
19      34      46      19
19      35      35      19
19      36      54      19
19      38      32      19
19      39      51      19
19      40      40      19
19      42      48      19
19      44      56      19
19      45      45      19
19      46      34      19
19      48      42      19
19      49      31      19
19      50      50      19
19      51      39      19
19      52      58      19
19      54      36      19
19      55      55      19
19      56      44      19
19      57      33      19
19      58      52      19
#x      #y      #z      #c      #comment Prime
19      60      60      19
19      62      68      19
19      63      87      19
19      64      76      19
19      65      65      19
19      66      84      19
19      68      62      19
19      69      81      19
19      70      70      19
19      72      78      19
19      73      67      19
19      74      86      19
19      75      75      19
19      76      64      19
19      77      83      19
19      78      72      19
19      80      80      19
19      81      69      19
19      82      88      19
19      84      66      19
19      85      85      19
19      86      74      19
19      87      63      19
19      88      82      19

