#x      #y      #z      #c      #comment Prime
11      00      0       3
11      02      22      3
11      04      14      3
11      05      25      3
11      06      06      3
11      08      28      3
11      09      09      3
11      10      20      3
11      12      12      3
11      14      04      3
11      15      15      3
11      16      26      3
11      18      18      3
11      20      10      3
11      21      21      3
11      22      02      3
11      24      24      3
11      25      05      3
11      26      16      3
11      28      08      3
#x      #y      #z      #c      #comment Prime
19      00      0       3
19      02      08      3
19      04      16      3
19      05      05      3
19      06      24      3
19      08      02      3
19      09      21      3
19      10      10      3
19      12      18      3
19      14      26      3
19      15      15      3
19      16      04      3
19      18      12      3
19      20      20      3
19      21      09      3
19      22      28      3
19      24      06      3
19      25      25      3
19      26      14      3
19      28      22      3
11      30      0       3
11      32      22      3
11      33      03      3
11      34      14      3
11      35      25      3
11      36      06      3
11      38      28      3
11      39      09      3
11      40      20      3
11      42      12      3
11      44      04      3
11      45      15      3
11      46      26      3
11      48      18      3
11      49      29      3
11      50      10      3
11      51      21      3
11      52      02      3
11      54      24      3
11      55      05      3
11      56      16      3
11      57      27      3
11      58      08      3
#x      #y      #z      #c      #comment Prime
19      30      0       3
19      32      08      3
19      33      27      3
19      34      16      3
19      35      05      3
19      36      24      3
19      38      02      3
19      39      21      3
19      40      10      3
19      42      18      3
19      44      26      3
19      45      15      3
19      46      04      3
19      48      12      3
19      49      01      3
19      50      20      3
19      51      09      3
19      52      28      3
19      54      06      3
19      55      25      3
19      56      14      3
19      57      03      3
19      58      22      3
#x      #y      #z      #c      #comment Prime
11      60      0       3
11      62      22      3
11      63      03      3
11      64      14      3
11      65      25      3
11      66      06      3
11      68      28      3
11      69      09      3
11      70      20      3
11      72      12      3
11      73      23      3
11      74      04      3
11      75      15      3
11      76      26      3
11      77      07      3
11      78      18      3
11      80      10      3
11      81      21      3
11      82      02      3
11      84      24      3
11      85      05      3
11      86      16      3
11      87      27      3
11      88      08      3
#x      #y      #z      #c      #comment Prime
19      60      0       3
19      62      08      3
19      63      27      3
19      64      16      3
19      65      05      3
19      66      24      3
19      68      02      3
19      69      21      3
19      70      10      3
19      72      18      3
19      73      07      3
19      74      26      3
19      75      15      3
19      76      04      3
19      77      23      3
19      78      12      3
19      80      20      3
19      81      09      3
19      82      28      3
19      84      06      3
19      85      25      3
19      86      14      3
19      87      03      3
19      88      22      3
