#x      #y      #z      #c      #comment Prime
#1       01      1       1
1       02      2       1
1       03      3       1
1       04      4       1
1       05      5       1
1       06      6       1
1       08      8       1
1       09      9       1
1       10      10      1
1       12      12      1
1       14      14      1
1       15      15      1
1       16      16      1
1       18      18      1
1       20      20      1
1       21      21      1
1       22      22      1
1       24      24      1
1       25      25      1
1       26      26      1
1       27      27      1
1       28      28      1
1       30      30      1
#x      #y      #z      #c      #comment Prime
1       32      32      1
1       33      33      1
1       34      34      1
1       35      35      1
1       36      36      1
1       38      38      1
1       39      39      1
1       40      40      1
1       42      42      1
1       44      44      1
1       45      45      1
1       46      46      1
1       48      48      1
1       49      49      1
1       50      50      1
1       51      51      1
1       52      52      1
1       54      54      1
1       55      55      1
1       56      56      1
1       57      57      1
1       58      58      1
#x      #y      #z      #c      #comment Prime
1       60      60      1
1       62      62      1
1       63      63      1
1       64      64      1
1       65      65      1
1       66      66      1
1       68      68      1
1       69      69      1
1       70      70      1
1       72      72      1
1       73      73      1
1       74      74      1
1       75      75      1
1       76      76      1
1       77      77      1
1       78      78      1
1       80      80      1
1       81      81      1
1       82      82      1
1       84      84      1
1       85      85      1
1       86      86      1
1       87      87      1
1       88      88      1
#x      #y      #z      #c      #comment Prime
7       00      0       2
7       02      14      2
7       03      21      2
7       04      28      2
7       05      05      2
7       06      12      2
7       08      26      2
7       09      03      2
7       10      10      2
7       12      24      2
7       14      08      2
7       15      15      2
7       16      22      2
7       18      06      2
7       20      20      2
7       21      27      2
7       22      04      2
7       24      18      2
7       25      25      2
7       26      02      2
7       27      09      2
7       28      16      2
#7       30      0       2
#x      #y      #z      #c      #comment Prime
7       32      44      2
7       33      51      2
7       34      58      2
7       35      35      2
7       36      42      2
7       38      56      2
7       39      33      2
7       40      40      2
7       42      54      2
7       44      38      2
7       45      45      2
7       46      52      2
7       48      36      2
7       49      43      2
7       50      50      2
7       51      57      2
7       52      34      2
7       54      48      2
7       55      55      2
7       56      32      2
7       57      39      2
7       58      46      2
#x      #y      #z      #c      #comment Prime
7       60      60      2
7       62      74      2
7       63      81      2
7       64      88      2
7       65      65      2
7       66      72      2
7       68      86      2
7       69      63      2
7       70      70      2
7       72      84      2
7       73      61      2
7       74      68      2
7       75      75      2
7       76      82      2
7       77      89      2
7       78      66      2
7       80      80      2
7       81      87      2
7       82      64      2
7       84      78      2
7       85      85      2
7       86      62      2
7       87      69      2
7       88      76      2
#x      #y      #z      #c      #comment Prime
#x      #y      #z      #c      #comment Prime
#11      00      0       3
11      02      22      3
11      03      03      3
11      04      14      3
11      05      25      3
11      06      06      3
11      08      28      3
11      09      09      3
11      10      20      3
11      12      12      3
11      14      04      3
11      15      15      3
11      16      26      3
11      18      18      3
11      20      10      3
11      21      21      3
11      22      02      3
11      24      24      3
11      25      05      3
11      26      16      3
11      27      27      3
11      28      08      3
11      30      30      3
#x      #y      #z      #c      #comment Prime
11      32      52      3
11      33      33      3
11      34      44      3
11      35      55      3
11      36      36      3
11      38      58      3
11      39      39      3
11      40      50      3
11      42      42      3
11      44      34      3
11      45      45      3
11      46      56      3
11      48      48      3
11      49      59      3
11      50      40      3
11      51      51      3
11      52      32      3
11      54      54      3
11      55      35      3
11      56      46      3
11      57      57      3
11      58      38      3
11      60      60      3
#x      #y      #z      #c      #comment Prime
11      62      82      3
11      63      63      3
11      64      74      3
11      65      85      3
11      66      66      3
11      68      88      3
11      69      69      3
11      70      80      3
11      72      72      3
11      73      83      3
11      74      64      3
11      75      75      3
11      76      86      3
11      77      67      3
11      78      78      3
11      80      70      3
11      81      81      3
11      82      62      3
11      84      84      3
11      85      65      3
11      86      76      3
11      87      87      3
11      88      68      3
#x      #y      #z      #c      #comment Prime
#13      00      0       4       #
#13      00      0       4       #
13      02      26      4       #
13      03      09      4       #
13      04      22      4       #
13      05      05      4       #
13      06      18      4       #
13      08      14      4       #
13      09      27      4       #
13      10      10      4       #
13      12      06      4       #
13      14      02      4       #
13      15      15      4       #
13      16      28      4       #
13      18      24      4       #
13      20      20      4       #
13      21      03      4       #
13      22      16      4       #
13      24      12      4       #
13      25      25      4       #
13      26      08      4       #
13      27      21      4       #
13      28      04      4       #
#x      #y      #z      #c      #comment Prime
13      30      30      4       #
13      32      56      4       #
13      33      39      4       #
13      34      52      4       #
13      35      35      4       #
13      36      48      4       #
13      38      44      4       #
13      39      57      4       #
13      40      40      4       #
13      42      36      4       #
13      44      32      4       #
13      45      45      4       #
13      46      58      4       #
13      48      54      4       #
13      49      37      4       #
13      50      50      4       #
13      51      33      4       #
13      52      46      4       #
13      54      42      4       #
13      55      55      4       #
13      56      38      4       #
13      57      21      4       #
13      58      34      4       #
#x      #y      #z      #c      #comment Prime
13      60      60      4       #
13      62      86      4       #
13      63      69      4       #
13      64      82      4       #
13      65      65      4       #
13      66      78      4       #
13      68      74      4       #
13      69      87      4       #
13      70      70      4       #
13      72      66      4       #
13      73      79      4       #
13      74      62      4       #
13      75      75      4       #
13      76      88      4       #
13      77      71      4       #
13      78      84      4       #
13      80      80      4       #
13      81      63      4       #
13      82      76      4       #
13      84      72      4       #
13      85      85      4       #
13      86      68      4       #
13      87      81      4       #
13      88      64      4       #
#x      #y      #z      #c      #comment Prime
#17      00      0       4       #
17      02      04      4       #
17      03      21      4       #
17      04      08      4       #
17      05      25      4       #
17      06      12      4       #
17      08      16      4       #
17      09      03      4       #
17      10      20      4       #
17      12      24      4       #
17      14      28      4       #
17      15      15      4       #
17      16      02      4       #
17      18      06      4       #
17      20      10      4       #
17      21      27      4       #
17      22      14      4       #
17      24      18      4       #
17      25      05      4       #
17      26      22      4       #
17      27      09      4       #
17      28      26      4       #
#x      #y      #z      #c      #comment Prime
17      30      30      4       0
17      32      34      4       #
17      33      51      4       #
17      34      38      4       #
17      35      55      4       #
17      36      42      4       #
17      38      46      4       #
17      39      33      4       #
17      40      50      4       #
17      42      54      4       #
17      44      58      4       #
17      45      45      4       #
17      46      32      4       #
17      48      36      4       #
17      49      53      4       #
17      50      40      4       #
17      51      57      4       #
17      52      44      4       #
17      54      48      4       #
17      55      35      4       #
17      56      52      4       #
17      57      39      4       #
17      58      56      4       #
#x      #y      #z      #c      #comment Prime
17      60      60      4       #
17      62      64      4       #
17      63      81      4       #
17      64      68      4       #
17      65      85      4       #
17      66      72      4       #
17      68      76      4       #
17      69      63      4       #
17      70      80      4       #
17      72      84      4       #
17      73      71      4       #
17      74      88      4       #
17      75      75      4       #
17      76      62      4       #
17      77      79      4       #
17      78      66      4       #
17      80      70      4       #
17      81      87      4       #
17      82      74      4       #
17      84      78      4       #
17      85      65      4       #
17      86      82      4       #
17      87      69      4       #
17      88      86      4       #
#x      #y      #z      #c      #comment Prime
#19      00      0       3
19      02      08      3
19      03      27      3
19      04      16      3
19      05      05      3
19      06      24      3
19      08      02      3
19      09      21      3
19      10      10      3
19      12      18      3
19      14      26      3
19      15      15      3
19      16      04      3
19      18      12      3
19      20      20      3
19      21      09      3
19      22      28      3
19      24      06      3
19      25      25      3
19      26      14      3
19      27      03      3
19      28      22      3
#x      #y      #z      #c      #comment Prime
19      30      30      3
19      32      38      3
19      33      57      3
19      34      46      3
19      35      35      3
19      36      54      3
19      38      32      3
19      39      51      3
19      40      40      3
19      42      48      3
19      44      56      3
19      45      45      3
19      46      34      3
19      48      42      3
19      49      31      3
19      50      50      3
19      51      39      3
19      52      58      3
19      54      36      3
19      55      55      3
19      56      44      3
19      57      33      3
19      58      52      3
#x      #y      #z      #c      #comment Prime
19      60      60      3
19      62      68      3
19      63      87      3
19      64      76      3
19      65      65      3
19      66      84      3
19      68      62      3
19      69      81      3
19      70      70      3
19      72      78      3
19      73      67      3
19      74      86      3
19      75      75      3
19      76      64      3
19      77      83      3
19      78      72      3
19      80      80      3
19      81      69      3
19      82      88      3
19      84      66      3
19      85      85      3
19      86      74      3
19      87      63      3
19      88      82      3
#x      #y      #z      #c      #comment Prime
#23      00      0       2
23      02      16      2
23      03      09      2
23      04      02      2
23      05      25      2
23      06      18      2
23      08      04      2
23      09      27      2
23      10      20      2
23      12      06      2
23      14      22      2
23      15      15      2
23      16      08      2
23      18      24      2
23      20      10      2
23      21      03      2
23      22      26      2
23      24      12      2
23      25      05      2
23      26      28      2
23      27      21      2
23      28      14      2
23      30      30      2
#x      #y      #z      #c      #comment Prime
23      32      46      2
23      33      39      2
23      34      32      2
23      35      55      2
23      36      48      2
23      38      34      2
23      39      57      2
23      40      50      2
23      42      36      2
23      44      52      2
23      45      45      2
23      46      38      2
23      48      54      2
23      49      47      2
23      50      40      2
23      51      33      2
23      52      56      2
23      54      42      2
23      55      35      2
23      56      58      2
23      57      51      2
23      58      44      2
#x      #y      #z      #c      #comment Prime
23      60      60      2
23      62      76      2
23      63      69      2
23      64      62      2
23      65      85      2
23      66      78      2
23      68      64      2
23      69      87      2
23      70      80      2
23      72      66      2
23      73      89      2
23      74      82      2
23      75      75      2
23      76      68      2
23      77      61      2
23      78      84      2
23      80      70      2
23      81      63      2
23      82      86      2
23      84      72      2
23      85      65      2
23      86      88      2
23      87      81      2
23      88      74      2
#x      #y      #z      #c      #comment Prime
#29      00      0       1
29      02      28      1
29      03      27      1
29      04      26      1
29      05      25      1
29      06      24      1
29      08      22      1
29      09      21      1
29      10      20      1
29      12      18      1
29      14      16      1
29      15      15      1
29      16      14      1
29      18      12      1
29      20      10      1
29      21      09      1
29      22      08      1
29      24      06      1
29      25      05      1
29      26      04      1
29      27      03      1
29      28      02      1
29      30      0       1
#x      #y      #z      #c      #comment Prime
29      32      58      1
29      33      57      1
29      34      56      1
29      35      55      1
29      36      54      1
29      38      52      1
29      39      51      1
29      40      50      1
29      42      48      1
29      44      46      1
29      45      45      1
29      46      44      1
29      48      42      1
29      49      41      1
29      50      40      1
29      51      39      1
29      52      38      1
29      54      36      1
29      55      35      1
29      56      34      1
29      57      33      1
29      58      32      1
29      60      30      1
#x      #y      #z      #c      #comment Prime
29      62      88      1
29      63      87      1
29      64      86      1
29      65      85      1
29      66      84      1
29      68      82      1
29      69      81      1
29      70      80      1
29      72      78      1
29      73      77      1
29      74      76      1
29      75      75      1
29      76      74      1
29      77      73      1
29      78      72      1
29      80      70      1
29      81      69      1
29      82      68      1
29      84      66      1
29      85      65      1
29      86      64      1
29      87      63      1
29      88      62      1
