#x      #y      #z      #c      #comment Prime
29      00      0       1
29      02      28      1
29      03      27      1
29      04      26      1
29      05      25      1
29      06      24      1
29      08      22      1
29      09      21      1
29      10      20      1
29      12      18      1
29      14      16      1
29      15      15      1
29      16      14      1
29      18      12      1
29      20      10      1
29      21      09      1
29      22      08      1
29      24      06      1
29      25      05      1
29      26      04      1
29      27      03      1
29      28      02      1
29      30      0       1
#x      #y      #z      #c      #comment Prime
29      32      28      1
29      33      27      1
29      34      26      1
29      35      25      1
29      36      24      1
29      38      22      1
29      39      21      1
29      40      20      1
29      42      18      1
29      44      16      1
29      45      15      1
29      46      14      1
29      48      12      1
29      49      11      1
29      50      10      1
29      51      09      1
29      52      08      1
29      54      06      1
29      55      05      1
29      56      04      1
29      57      03      1
29      58      02      1
29      60      0       1
#x      #y      #z      #c      #comment Prime
29      62      28      1
29      63      27      1
29      64      26      1
29      65      25      1
29      66      24      1
29      68      22      1
29      69      21      1
29      70      20      1
29      72      18      1
29      73      17      1
29      74      16      1
29      75      15      1
29      76      14      1
29      77      13      1
29      78      12      1
29      80      10      1
29      81      09      1
29      82      08      1
29      84      06      1
29      85      05      1
29      86      04      1
29      87      03      1
29      88      02      1
