#x      #y      #z      #c      #comment Prime
23      00      0       2
23      02      16      2
23      04      02      2
23      05      25      2
23      06      18      2
23      08      04      2
23      09      27      2
23      10      20      2
23      12      06      2
23      14      22      2
23      15      15      2
23      16      08      2
23      18      24      2
23      20      10      2
23      21      03      2
23      22      26      2
23      24      12      2
23      25      05      2
23      26      28      2
23      28      14      2
23      30      0       2
#x      #y      #z      #c      #comment Prime
23      32      16      2
23      33      09      2
23      34      02      2
23      35      25      2
23      36      18      2
23      38      04      2
23      39      27      2
23      40      20      2
23      42      06      2
23      44      22      2
23      45      15      2
23      46      08      2
23      48      24      2
23      49      17      2
23      50      10      2
23      51      03      2
23      52      26      2
23      54      12      2
23      55      05      2
23      56      28      2
23      57      21      2
23      58      14      2
#x      #y      #z      #c      #comment Prime
23      60      0       2
23      62      16      2
23      63      09      2
23      64      02      2
23      65      25      2
23      66      18      2
23      68      04      2
23      69      27      2
23      70      20      2
23      72      06      2
23      73      29      2
23      74      22      2
23      75      15      2
23      76      08      2
23      77      01      2
23      78      24      2
23      80      10      2
23      81      03      2
23      82      26      2
23      84      12      2
23      85      05      2
23      86      28      2
23      87      21      2
23      88      14      2
