#x      #y      #z      #c      #comment Prime
0       0               0
0       1               0       #P
0       2               0       #P
0       3               0       #P
0       4               0
0       5               0       #P
0       6               0
0       7               0       #P
0       8               0
0       9               0
0       10              0
0       11              0       #P
0       12              0
0       13              0       #P
0       14              0
0       15              0
0       16              0
0       17              0       #P
0       18              0
0       19              0       #P
0       20              0
0       21              0
0       22              0
0       23              0       #P
0       24              0
0       25              0
0       26              0
0       27              0       #P
0       28              0
0       29              0       #P
#x      #y      #z      #c      #comment Prime
0       30              0       0
0       31              0       #P
0       32              0
0       33              0
0       34              0
0       35              0
0       36              0
0       37              0       #P
0       38              0
0       39              0
0       40              0
0       41              0       #P
0       42              0
0       43              0       #P
0       44              0
0       45              0
0       46              0
0       47              0       #P
0       48              0
0       49              0
0       50              0
0       51              0
0       52              0
0       53              0       #P
0       54              0
0       55              0
0       56              0
0       57              0
0       58              0
0       59              0       #P
#x      #y      #z      #c      #comment Prime
0       60              0
0       61              0       #P
0       62              0
0       63              0
0       64              0
0       65              0
0       66              0
0       67              0       #P
0       68              0
0       69              0
0       70              0
0       71              0       #P
0       72              0
0       73              0
0       74              0
0       75              0
0       76              0
0       77              0
0       78              0
0       79              0       #P
0       80              0
0       81              0
0       82              0
0       83              0       #P
0       84              0
0       85              0
0       86              0
0       87              0
0       88              0
0       89              0       #P
#x      #y      #z      #c      #comment Prime
2       00      0       0
2       02      04      0
2       03      06      0
2       04      08      0
2       05      10      0
2       06      12      0
2       08      16      0
2       09      18      0
2       10      20      0
2       12      24      0
2       14      28      0
2       15      0       0
2       16      02      0
2       18      06      0
2       20      10      0
2       21      12      0
2       22      14      0
2       24      18      0
2       25      20      0
2       26      22      0
2       28      26      0
#x      #y      #z      #c      #comment Prime
2       30      0       0       0
2       32      04      0
2       33      06      0
2       34      08      0
2       35      10      0
2       36      12      0
2       38      16      0
2       39      18      0
2       40      20      0
2       42      24      0
2       44      28      0
2       45      0       0
2       46      02      0
2       48      06      0
2       49      08      0
2       50      10      0
2       51      12      0
2       52      14      0
2       54      18      0
2       55      20      0
2       56      22      0
2       57      24      0
2       58      26      0
#x      #y      #z      #c      #comment Prime
2       60      0       0
2       62      04      0
2       63      06      0
2       64      08      0
2       65      10      0
2       66      12      0
2       68      16      0
2       69      18      0
2       70      20      0
2       72      24      0
2       73      26      0
2       74      28      0
2       75      0       0
2       76      02      0
2       77      04      0
2       78      06      0
2       80      10      0
2       81      12      0
2       82      14      0
2       84      18      0
2       85      20      0
2       86      22      0
2       87      24      0
2       88      26      0
#x      #y      #z      #c      #comment Prime
3       00      0       0
3       02      06      0
3       03      09      0
3       04      12      0
3       05      15      0
3       06      18      0
3       08      24      0
3       09      27      0
3       10      0       0
3       12      06      0
3       14      12      0
3       15      15      0
3       16      18      0
3       18      24      0
3       20      0       0
3       21      03      0
3       22      06      0
3       24      12      0
3       25      15      0
3       26      18      0
3       28      24      0
#x      #y      #z      #c      #comment Prime
3       30      0       0       0
3       32      06      0
3       33      09      0
3       34      12      0
3       35      15      0
3       36      18      0
3       38      24      0
3       39      27      0
3       40      0       0
3       42      06      0
3       44      12      0
3       45      15      0
3       46      18      0
3       48      24      0
3       49      27      0
3       50      0       0
3       51      03      0
3       52      06      0
3       54      12      0
3       55      15      0
3       56      18      0
3       57      21      0
3       58      24      0
#x      #y      #z      #c      #comment Prime
3       60      0       0
3       62      06      0
3       63      09      0
3       64      12      0
3       65      15      0
3       66      18      0
3       68      24      0
3       69      27      0
3       70      0       0
3       72      06      0
3       73      09      0
3       74      12      0
3       75      15      0
3       76      18      0
3       77      21      0
3       78      24      0
3       80      0       0
3       81      03      0
3       82      06      0
3       84      12      0
3       85      15      0
3       86      18      0
3       87      21      0
3       88      24      0
#x      #y      #z      #c      #comment Prime
4       00      0       0
4       02      08      0
4       03      12      0
4       04      16      0
4       05      20      0
4       06      24      0
4       08      02      0
4       09      06      0
4       10      10      0
4       12      18      0
4       14      26      0
4       15      0       0
4       16      04      0
4       18      12      0
4       20      20      0
4       21      24      0
4       22      28      0
4       24      06      0
4       25      10      0
4       26      14      0
4       28      22      0
#x      #y      #z      #c      #comment Prime
4       30      0       0       0
4       32      08      0
4       33      12      0
4       34      16      0
4       35      20      0
4       36      24      0
4       38      02      0
4       39      06      0
4       40      10      0
4       42      18      0
4       44      26      0
4       45      0       0
4       46      04      0
4       48      12      0
4       49      16      0
4       50      20      0
4       51      24      0
4       52      28      0
4       54      06      0
4       55      10      0
4       56      14      0
4       57      18      0
4       58      22      0
#x      #y      #z      #c      #comment Prime
4       60      0       0
4       62      08      0
4       63      12      0
4       64      16      0
4       65      20      0
4       66      24      0
4       68      02      0
4       69      06      0
4       70      10      0
4       72      18      0
4       73      22      0
4       74      26      0
4       75      0       0
4       76      04      0
4       77      08      0
4       78      12      0
4       80      20      0
4       81      24      0
4       82      28      0
4       84      06      0
4       85      10      0
4       86      14      0
4       87      18      0
4       88      22      0
#x      #y      #z      #c      #comment Prime
5       0               0
5       1       5       0       #P
5       2       10      0       #P
5       3       15      0       #P
5       4       20      0
5       5       25      0       #P
5       6               0
5       7       5       0       #P
5       8       10      0
5       9       15      0
5       10      20      0
5       11      25      0       #P
5       12              0
5       13      5       0       #P
5       14      10      0
5       15      15      0
5       16      20      0
5       17      25      0       #P
5       18              0
5       19      5       0       #P
5       20      10      0
5       21      15      0
5       22      20      0
5       23      25      0       #P
5       24              0
5       25      5       0
5       26      10      0
5       27      15      0       #P
5       28      20      0
5       29      25      0       #P
#x      #y      #z      #c      #comment Prime
5       30              0       0
5       31      5       0       #P
5       32      10      0
5       33      15      0
5       34      20      0
5       35      25      0
5       36              0
5       37      5       0       #P
5       38      10      0
5       39      15      0
5       40      20      0
5       41      25      0       #P
5       42              0
5       43      5       0       #P
5       44      10      0
5       45      15      0
5       46      20      0
5       47      25      0       #P
5       48              0
5       49      5       0
5       50      10      0
5       51      15      0
5       52      20      0
5       53      25      0       #P
5       54              0
5       55      5       0
5       56      10      0
5       57      15      0
5       58      20      0
5       59      25      0       #P
#x      #y      #z      #c      #comment Prime
5       60              0
5       61      5       0       #P
5       62      10      0
5       63      15      0
5       64      20      0
5       65      25      0
5       66              0
5       67      5       0       #P
5       68      10      0
5       69      15      0
5       70      20      0
5       71      25      0       #P
5       72              0
5       73      5       0
5       74      10      0
5       75      15      0
5       76      20      0
5       77      25      0
5       78              0
5       79      5       0       #P
5       80      10      0
5       81      15      0
5       82      20      0
5       83      25      0       #P
5       84              0
5       85      5       0
5       86      10      0
5       87      15      0
5       88      20      0
5       89      25      0       #P
#x      #y      #z      #c      #comment Prime
6       0               0
6       1       6       0       #P
6       2       12      0       #P
6       3       18      0       #P
6       4       24      0
6       5               0       #P
6       6       6       0
6       7       12      0       #P
6       8       18      0
6       9       24      0
6       10              0
6       11      6       0       #P
6       12      12      0
6       13      18      0       #P
6       14      24      0
6       15              0
6       16      6       0
6       17      12      0       #P
6       18      18      0
6       19      24      0       #P
6       20              0
6       21      6       0
6       22      12      0
6       23      18      0       #P
6       24      24      0
6       25              0
6       26      6       0
6       27      12      0       #P
6       28      18      0
6       29      24      0       #P
#x      #y      #z      #c      #comment Prime
6       30              0       0
6       31      6       0       #P
6       32      12      0
6       33      18      0
6       34      24      0
6       35              0
6       36      6       0
6       37      12      0       #P
6       38      18      0
6       39      24      0
6       40              0
6       41      6       0       #P
6       42      12      0
6       43      18      0       #P
6       44      24      0
6       45              0
6       46      6       0
6       47      12      0       #P
6       48      18      0
6       49      24      0
6       50              0
6       51      6       0
6       52      12      0
6       53      18      0       #P
6       54      24      0
6       55              0
6       56      6       0
6       57      12      0
6       58      18      0
6       59      24      0       #P
#x      #y      #z      #c      #comment Prime
6       60              0
6       61      6       0       #P
6       62      12      0
6       63      18      0
6       64      24      0
6       65              0
6       66      6       0
6       67      12      0       #P
6       68      18      0
6       69      24      0
6       70              0
6       71      6       0       #P
6       72      12      0
6       73      18      0
6       74      24      0
6       75              0
6       76      6       0
6       77      12      0
6       78      18      0
6       79      24      0       #P
6       80              0
6       81      6       0
6       82      12      0
6       83      18      0       #P
6       84      24      0
6       85              0
6       86      6       0
6       87      12      0
6       88      18      0
6       89      24      0       #P
#x      #y      #z      #c      #comment Prime
8       0               0
8       1       8       0       #P
8       2       16      0       #P
8       3       24      0       #P
8       4       2       0
8       5       10      0       #P
8       6       18      0
8       7       26      0       #P
8       8       4       0
8       9       12      0
8       10      20      0
8       11      28      0       #P
8       12      6       0
8       13      14      0       #P
8       14      22      0
8       15              0
8       16      8       0
8       17      16      0       #P
8       18      24      0
8       19      2       0       #P
8       20      10      0
8       21      18      0
8       22      26      0
8       23      4       0       #P
8       24      12      0
8       25      20      0
8       26      28      0
8       27      6       0       #P
8       28      14      0
8       29      22      0       #P
#x      #y      #z      #c      #comment Prime
8       30              0       0
8       31      8       0       #P
8       32      16      0
8       33      24      0
8       34      2       0
8       35      10      0
8       36      18      0
8       37      26      0       #P
8       38      4       0
8       39      12      0
8       40      20      0
8       41      28      0       #P
8       42      6       0
8       43      14      0       #P
8       44      22      0
8       45              0
8       46      8       0
8       47      16      0       #P
8       48      24      0
8       49      2       0
8       50      10      0
8       51      18      0
8       52      26      0
8       53      4       0       #P
8       54      12      0
8       55      20      0
8       56      28      0
8       57      6       0
8       58      14      0
8       59      22      0       #P
#x      #y      #z      #c      #comment Prime
8       60              0
8       61      8       0       #P
8       62      16      0
8       63      24      0
8       64      2       0
8       65      10      0
8       66      18      0
8       67      26      0       #P
8       68      4       0
8       69      12      0
8       70      20      0
8       71      28      0       #P
8       72      6       0
8       73      14      0
8       74      22      0
8       75              0
8       76      8       0
8       77      16      0
8       78      24      0
8       79      2       0       #P
8       80      10      0
8       81      18      0
8       82      26      0
8       83      4       0       #P
8       84      12      0
8       85      20      0
8       86      28      0
8       87      6       0
8       88      14      0
8       89      22      0       #P
#x      #y      #z      #c      #comment Prime
9       0               0
9       1       9       0       #P
9       2       18      0       #P
9       3       27      0       #P
9       4       6       0
9       5       15      0       #P
9       6       24      0
9       7       3       0       #P
9       8       12      0
9       9       21      0
9       10              0
9       11      9       0       #P
9       12      18      0
9       13      27      0       #P
9       14      6       0
9       15      15      0
9       16      24      0
9       17      3       0       #P
9       18      12      0
9       19      21      0       #P
9       20              0
9       21      9       0
9       22      18      0
9       23      27      0       #P
9       24      6       0
9       25      15      0
9       26      24      0
9       27      3       0       #P
9       28      12      0
9       29      21      0       #P
#x      #y      #z      #c      #comment Prime
9       30              0       0
9       31      9       0       #P
9       32      18      0
9       33      27      0
9       34      6       0
9       35      15      0
9       36      24      0
9       37      3       0       #P
9       38      12      0
9       39      21      0
9       40              0
9       41      9       0       #P
9       42      18      0
9       43      27      0       #P
9       44      6       0
9       45      15      0
9       46      24      0
9       47      3       0       #P
9       48      12      0
9       49      21      0
9       50              0
9       51      9       0
9       52      18      0
9       53      27      0       #P
9       54      6       0
9       55      15      0
9       56      24      0
9       57      3       0
9       58      12      0
9       59      21      0       #P
#x      #y      #z      #c      #comment Prime
9       60              0
9       61      9       0       #P
9       62      18      0
9       63      27      0
9       64      6       0
9       65      15      0
9       66      24      0
9       67      3       0       #P
9       68      12      0
9       69      21      0
9       70              0
9       71      9       0       #P
9       72      18      0
9       73      27      0
9       74      6       0
9       75      15      0
9       76      24      0
9       77      3       0
9       78      12      0
9       79      21      0       #P
9       80              0
9       81      9       0
9       82      18      0
9       83      27      0       #P
9       84      6       0
9       85      15      0
9       86      24      0
9       87      3       0
9       88      12      0
9       89      21      0       #P
#x      #y      #z      #c      #comment Prime
10      0               0
10      1       10      0       #P
10      2       20      0       #P
10      3               0       #P
10      4       10      0
10      5       20      0       #P
10      6               0
10      7       10      0       #P
10      8       20      0
10      9               0
10      10      10      0
10      11      20      0       #P
10      12              0
10      13      10      0       #P
10      14      20      0
10      15              0
10      16      10      0
10      17      20      0       #P
10      18              0
10      19      10      0       #P
10      20      20      0
10      21              0
10      22      10      0
10      23      20      0       #P
10      24              0
10      25      10      0
10      26      20      0
10      27              0       #P
10      28      10      0
10      29      20      0       #P
#x      #y      #z      #c      #comment Prime
10      30              0       0
10      31      10      0       #P
10      32      20      0
10      33              0
10      34      10      0
10      35      20      0
10      36              0
10      37      10      0       #P
10      38      20      0
10      39              0
10      40      10      0
10      41      20      0       #P
10      42              0
10      43      10      0       #P
10      44      20      0
10      45              0
10      46      10      0
10      47      20      0       #P
10      48              0
10      49      10      0
10      50      20      0
10      51              0
10      52      10      0
10      53      20      0       #P
10      54              0
10      55      10      0
10      56      20      0
10      57              0
10      58      10      0
10      59      20      0       #P
#x      #y      #z      #c      #comment Prime
10      60              0
10      61      10      0       #P
10      62      20      0
10      63              0
10      64      10      0
10      65      20      0
10      66              0
10      67      10      0       #P
10      68      20      0
10      69              0
10      70      10      0
10      71      20      0       #P
10      72              0
10      73      10      0
10      74      20      0
10      75              0
10      76      10      0
10      77      20      0
10      78              0
10      79      10      0       #P
10      80      20      0
10      81              0
10      82      10      0
10      83      20      0       #P
10      84              0
10      85      10      0
10      86      20      0
10      87              0
10      88      10      0
10      89      20      0       #P
#x      #y      #z      #c      #comment Prime
12      0               0
12      1       12      0       #P
12      2       24      0       #P
12      3       6       0       #P
12      4       18      0
12      5               0       #P
12      6       12      0
12      7       24      0       #P
12      8       6       0
12      9       18      0
12      10              0
12      11      12      0       #P
12      12      24      0
12      13      6       0       #P
12      14      18      0
12      15              0
12      16      12      0
12      17      24      0       #P
12      18      6       0
12      19      18      0       #P
12      20              0
12      21      12      0
12      22      24      0
12      23      6       0       #P
12      24      18      0
12      25              0
12      26      12      0
12      27      24      0       #P
12      28      6       0
12      29      18      0       #P
#x      #y      #z      #c      #comment Prime
12      30              0       0
12      31      12      0       #P
12      32      24      0
12      33      6       0
12      34      18      0
12      35              0
12      36      12      0
12      37      24      0       #P
12      38      6       0
12      39      18      0
12      40              0
12      41      12      0       #P
12      42      24      0
12      43      6       0       #P
12      44      18      0
12      45              0
12      46      12      0
12      47      24      0       #P
12      48      6       0
12      49      18      0
12      50              0
12      51      12      0
12      52      24      0
12      53      6       0       #P
12      54      18      0
12      55              0
12      56      12      0
12      57      24      0
12      58      6       0
12      59      18      0       #P
#x      #y      #z      #c      #comment Prime
12      60              0
12      61      12      0       #P
12      62      24      0
12      63      6       0
12      64      18      0
12      65              0
12      66      12      0
12      67      24      0       #P
12      68      6       0
12      69      18      0
12      70              0
12      71      12      0       #P
12      72      24      0
12      73      6       0
12      74      18      0
12      75              0
12      76      12      0
12      77      24      0
12      78      6       0
12      79      18      0       #P
12      80              0
12      81      12      0
12      82      24      0
12      83      6       0       #P
12      84      18      0
12      85              0
12      86      12      0
12      87      24      0
12      88      6       0
12      89      18      0       #P
#x      #y      #z      #c      #comment Prime
14      0               0
14      1       14      0       #P
14      2       28      0       #P
14      3       12      0       #P
14      4       26      0
14      5       10      0       #P
14      6       24      0
14      7       8       0       #P
14      8       22      0
14      9       6       0
14      10      20      0
14      11      4       0       #P
14      12      18      0
14      13      2       0       #P
14      14      16      0
14      15              0
14      16      14      0
14      17      28      0       #P
14      18      12      0
14      19      26      0       #P
14      20      10      0
14      21      24      0
14      22      8       0
14      23      22      0       #P
14      24      6       0
14      25      20      0
14      26      4       0
14      27      18      0       #P
14      28      2       0
14      29      16      0       #P
#x      #y      #z      #c      #comment Prime
14      30              0       0
14      31      14      0       #P
14      32      28      0
14      33      12      0
14      34      26      0
14      35      10      0
14      36      24      0
14      37      8       0       #P
14      38      22      0
14      39      6       0
14      40      20      0
14      41      4       0       #P
14      42      18      0
14      43      2       0       #P
14      44      16      0
14      45              0
14      46      14      0
14      47      28      0       #P
14      48      12      0
14      49      26      0
14      50      10      0
14      51      24      0
14      52      8       0
14      53      22      0       #P
14      54      6       0
14      55      20      0
14      56      4       0
14      57      18      0
14      58      2       0
14      59      16      0       #P
#x      #y      #z      #c      #comment Prime
14      60              0
14      61      14      0       #P
14      62      28      0
14      63      12      0
14      64      26      0
14      65      10      0
14      66      24      0
14      67      8       0       #P
14      68      22      0
14      69      6       0
14      70      20      0
14      71      4       0       #P
14      72      18      0
14      73      2       0
14      74      16      0
14      75              0
14      76      14      0
14      77      28      0
14      78      12      0
14      79      26      0       #P
14      80      10      0
14      81      24      0
14      82      8       0
14      83      22      0       #P
14      84      6       0
14      85      20      0
14      86      4       0
14      87      18      0
14      88      2       0
14      89      16      0       #P
#x      #y      #z      #c      #comment Prime
15      0               0
15      1       15      0       #P
15      2               0       #P
15      3       15      0       #P
15      4               0
15      5       15      0       #P
15      6               0
15      7       15      0       #P
15      8               0
15      9       15      0
15      10              0
15      11      15      0       #P
15      12              0
15      13      15      0       #P
15      14              0
15      15      15      0
15      16              0
15      17      15      0       #P
15      18              0
15      19      15      0       #P
15      20              0
15      21      15      0
15      22              0
15      23      15      0       #P
15      24              0
15      25      15      0
15      26              0
15      27      15      0       #P
15      28              0
15      29      15      0       #P
#x      #y      #z      #c      #comment Prime
15      30              0       0
15      31      15      0       #P
15      32              0
15      33      15      0
15      34              0
15      35      15      0
15      36              0
15      37      15      0       #P
15      38              0
15      39      15      0
15      40              0
15      41      15      0       #P
15      42              0
15      43      15      0       #P
15      44              0
15      45      15      0
15      46              0
15      47      15      0       #P
15      48              0
15      49      15      0
15      50              0
15      51      15      0
15      52              0
15      53      15      0       #P
15      54              0
15      55      15      0
15      56              0
15      57      15      0
15      58              0
15      59      15      0       #P
#x      #y      #z      #c      #comment Prime
15      60              0
15      61      15      0       #P
15      62              0
15      63      15      0
15      64              0
15      65      15      0
15      66              0
15      67      15      0       #P
15      68              0
15      69      15      0
15      70              0
15      71      15      0       #P
15      72              0
15      73      15      0
15      74              0
15      75      15      0
15      76              0
15      77      15      0
15      78              0
15      79      15      0       #P
15      80              0
15      81      15      0
15      82              0
15      83      15      0       #P
15      84              0
15      85      15      0
15      86              0
15      87      15      0
15      88              0
15      89      15      0       #P
#x      #y      #z      #c      #comment Prime
16      0               0
16      1       16      0       #P
16      2       2       0       #P
16      3       18      0       #P
16      4       4       0
16      5       20      0       #P
16      6       6       0
16      7       22      0       #P
16      8       8       0
16      9       24      0
16      10      10      0
16      11      26      0       #P
16      12      12      0
16      13      28      0       #P
16      14      14      0
16      15              0
16      16      16      0
16      17      2       0       #P
16      18      18      0
16      19      4       0       #P
16      20      20      0
16      21      6       0
16      22      22      0
16      23      8       0       #P
16      24      24      0
16      25      10      0
16      26      26      0
16      27      12      0       #P
16      28      28      0
16      29      14      0       #P
#x      #y      #z      #c      #comment Prime
16      30              0       0
16      31      16      0       #P
16      32      2       0
16      33      18      0
16      34      4       0
16      35      20      0
16      36      6       0
16      37      22      0       #P
16      38      8       0
16      39      24      0
16      40      10      0
16      41      26      0       #P
16      42      12      0
16      43      28      0       #P
16      44      14      0
16      45              0
16      46      16      0
16      47      2       0       #P
16      48      18      0
16      49      4       0
16      50      20      0
16      51      6       0
16      52      22      0
16      53      8       0       #P
16      54      24      0
16      55      10      0
16      56      26      0
16      57      12      0
16      58      28      0
16      59      14      0       #P
#x      #y      #z      #c      #comment Prime
16      60              0
16      61      16      0       #P
16      62      2       0
16      63      18      0
16      64      4       0
16      65      20      0
16      66      6       0
16      67      22      0       #P
16      68      8       0
16      69      24      0
16      70      10      0
16      71      26      0       #P
16      72      12      0
16      73      28      0
16      74      14      0
16      75              0
16      76      16      0
16      77      2       0
16      78      18      0
16      79      4       0       #P
16      80      20      0
16      81      6       0
16      82      22      0
16      83      8       0       #P
16      84      24      0
16      85      10      0
16      86      26      0
16      87      12      0
16      88      28      0
16      89      14      0       #P
#x      #y      #z      #c      #comment Prime
18      0               0
18      1       18      0       #P
18      2       6       0       #P
18      3       24      0       #P
18      4       12      0
18      5               0       #P
18      6       18      0
18      7       6       0       #P
18      8       24      0
18      9       12      0
18      10              0
18      11      18      0       #P
18      12      6       0
18      13      24      0       #P
18      14      12      0
18      15              0
18      16      18      0
18      17      6       0       #P
18      18      24      0
18      19      12      0       #P
18      20              0
18      21      18      0
18      22      6       0
18      23      24      0       #P
18      24      12      0
18      25              0
18      26      18      0
18      27      6       0       #P
18      28      24      0
18      29      12      0       #P
#x      #y      #z      #c      #comment Prime
18      30              0       0
18      31      18      0       #P
18      32      6       0
18      33      24      0
18      34      12      0
18      35              0
18      36      18      0
18      37      6       0       #P
18      38      24      0
18      39      12      0
18      40              0
18      41      18      0       #P
18      42      6       0
18      43      24      0       #P
18      44      12      0
18      45              0
18      46      18      0
18      47      6       0       #P
18      48      24      0
18      49      12      0
18      50              0
18      51      18      0
18      52      6       0
18      53      24      0       #P
18      54      12      0
18      55              0
18      56      18      0
18      57      6       0
18      58      24      0
18      59      12      0       #P
#x      #y      #z      #c      #comment Prime
18      60              0
18      61      18      0       #P
18      62      6       0
18      63      24      0
18      64      12      0
18      65              0
18      66      18      0
18      67      6       0       #P
18      68      24      0
18      69      12      0
18      70              0
18      71      18      0       #P
18      72      6       0
18      73      24      0
18      74      12      0
18      75              0
18      76      18      0
18      77      6       0
18      78      24      0
18      79      12      0       #P
18      80              0
18      81      18      0
18      82      6       0
18      83      24      0       #P
18      84      12      0
18      85              0
18      86      18      0
18      87      6       0
18      88      24      0
18      89      12      0       #P
#x      #y      #z      #c      #comment Prime
20      0               0
20      1       20      0       #P
20      2       10      0       #P
20      3               0       #P
20      4       20      0
20      5       10      0       #P
20      6               0
20      7       20      0       #P
20      8       10      0
20      9               0
20      10      20      0
20      11      10      0       #P
20      12              0
20      13      20      0       #P
20      14      10      0
20      15              0
20      16      20      0
20      17      10      0       #P
20      18              0
20      19      20      0       #P
20      20      10      0
20      21              0
20      22      20      0
20      23      10      0       #P
20      24              0
20      25      20      0
20      26      10      0
20      27              0       #P
20      28      20      0
20      29      10      0       #P
#x      #y      #z      #c      #comment Prime
20      30              0       0
20      31      20      0       #P
20      32      10      0
20      33              0
20      34      20      0
20      35      10      0
20      36              0
20      37      20      0       #P
20      38      10      0
20      39              0
20      40      20      0
20      41      10      0       #P
20      42              0
20      43      20      0       #P
20      44      10      0
20      45              0
20      46      20      0
20      47      10      0       #P
20      48              0
20      49      20      0
20      50      10      0
20      51              0
20      52      20      0
20      53      10      0       #P
20      54              0
20      55      20      0
20      56      10      0
20      57              0
20      58      20      0
20      59      10      0       #P
#x      #y      #z      #c      #comment Prime
20      60              0
20      61      20      0       #P
20      62      10      0
20      63              0
20      64      20      0
20      65      10      0
20      66              0
20      67      20      0       #P
20      68      10      0
20      69              0
20      70      20      0
20      71      10      0       #P
20      72              0
20      73      20      0
20      74      10      0
20      75              0
20      76      20      0
20      77      10      0
20      78              0
20      79      20      0       #P
20      80      10      0
20      81              0
20      82      20      0
20      83      10      0       #P
20      84              0
20      85      20      0
20      86      10      0
20      87              0
20      88      20      0
20      89      10      0       #P
#x      #y      #z      #c      #comment Prime
21      0               0
21      1       21      0       #P
21      2       12      0       #P
21      3       3       0       #P
21      4       24      0
21      5       15      0       #P
21      6       6       0
21      7       27      0       #P
21      8       18      0
21      9       9       0
21      10              0
21      11      21      0       #P
21      12      12      0
21      13      3       0       #P
21      14      24      0
21      15      15      0
21      16      6       0
21      17      27      0       #P
21      18      18      0
21      19      9       0       #P
21      20              0
21      21      21      0
21      22      12      0
21      23      3       0       #P
21      24      24      0
21      25      15      0
21      26      6       0
21      27      27      0       #P
21      28      18      0
21      29      9       0       #P
#x      #y      #z      #c      #comment Prime
21      30              0       0
21      31      21      0       #P
21      32      12      0
21      33      3       0
21      34      24      0
21      35      15      0
21      36      6       0
21      37      27      0       #P
21      38      18      0
21      39      9       0
21      40              0
21      41      21      0       #P
21      42      12      0
21      43      3       0       #P
21      44      24      0
21      45      15      0
21      46      6       0
21      47      27      0       #P
21      48      18      0
21      49      9       0
21      50              0
21      51      21      0
21      52      12      0
21      53      3       0       #P
21      54      24      0
21      55      15      0
21      56      6       0
21      57      27      0
21      58      18      0
21      59      9       0       #P
#x      #y      #z      #c      #comment Prime
21      60              0
21      61      21      0       #P
21      62      12      0
21      63      3       0
21      64      24      0
21      65      15      0
21      66      6       0
21      67      27      0       #P
21      68      18      0
21      69      9       0
21      70              0
21      71      21      0       #P
21      72      12      0
21      73      3       0
21      74      24      0
21      75      15      0
21      76      6       0
21      77      27      0
21      78      18      0
21      79      9       0       #P
21      80              0
21      81      21      0
21      82      12      0
21      83      3       0       #P
21      84      24      0
21      85      15      0
21      86      6       0
21      87      27      0
21      88      18      0
21      89      9       0       #P
#x      #y      #z      #c      #comment Prime
22      0               0
22      1       22      0       #P
22      2       14      0       #P
22      3       6       0       #P
22      4       28      0
22      5       20      0       #P
22      6       12      0
22      7       4       0       #P
22      8       26      0
22      9       18      0
22      10      10      0
22      11      2       0       #P
22      12      24      0
22      13      16      0       #P
22      14      8       0
22      15              0
22      16      22      0
22      17      14      0       #P
22      18      6       0
22      19      28      0       #P
22      20      20      0
22      21      12      0
22      22      4       0
22      23      26      0       #P
22      24      18      0
22      25      10      0
22      26      2       0
22      27      24      0       #P
22      28      16      0
22      29      8       0       #P
#x      #y      #z      #c      #comment Prime
22      30              0       0
22      31      22      0       #P
22      32      14      0
22      33      6       0
22      34      28      0
22      35      20      0
22      36      12      0
22      37      4       0       #P
22      38      26      0
22      39      18      0
22      40      10      0
22      41      2       0       #P
22      42      24      0
22      43      16      0       #P
22      44      8       0
22      45              0
22      46      22      0
22      47      14      0       #P
22      48      6       0
22      49      28      0
22      50      20      0
22      51      12      0
22      52      4       0
22      53      26      0       #P
22      54      18      0
22      55      10      0
22      56      2       0
22      57      24      0
22      58      16      0
22      59      8       0       #P
#x      #y      #z      #c      #comment Prime
22      60              0
22      61      22      0       #P
22      62      14      0
22      63      6       0
22      64      28      0
22      65      20      0
22      66      12      0
22      67      4       0       #P
22      68      26      0
22      69      18      0
22      70      10      0
22      71      2       0       #P
22      72      24      0
22      73      16      0
22      74      8       0
22      75              0
22      76      22      0
22      77      14      0
22      78      6       0
22      79      28      0       #P
22      80      20      0
22      81      12      0
22      82      4       0
22      83      26      0       #P
22      84      18      0
22      85      10      0
22      86      2       0
22      87      24      0
22      88      16      0
22      89      8       0       #P
#x      #y      #z      #c      #comment Prime
24      0               0
24      1       24      0       #P
24      2       18      0       #P
24      3       12      0       #P
24      4       6       0
24      5               0       #P
24      6       24      0
24      7       18      0       #P
24      8       12      0
24      9       6       0
24      10              0
24      11      24      0       #P
24      12      18      0
24      13      12      0       #P
24      14      6       0
24      15              0
24      16      24      0
24      17      18      0       #P
24      18      12      0
24      19      6       0       #P
24      20              0
24      21      24      0
24      22      18      0
24      23      12      0       #P
24      24      6       0
24      25              0
24      26      24      0
24      27      18      0       #P
24      28      12      0
24      29      6       0       #P
#x      #y      #z      #c      #comment Prime
24      30              0       0
24      31      24      0       #P
24      32      18      0
24      33      12      0
24      34      6       0
24      35              0
24      36      24      0
24      37      18      0       #P
24      38      12      0
24      39      6       0
24      40              0
24      41      24      0       #P
24      42      18      0
24      43      12      0       #P
24      44      6       0
24      45              0
24      46      24      0
24      47      18      0       #P
24      48      12      0
24      49      6       0
24      50              0
24      51      24      0
24      52      18      0
24      53      12      0       #P
24      54      6       0
24      55              0
24      56      24      0
24      57      18      0
24      58      12      0
24      59      6       0       #P
#x      #y      #z      #c      #comment Prime
24      60              0
24      61      24      0       #P
24      62      18      0
24      63      12      0
24      64      6       0
24      65              0
24      66      24      0
24      67      18      0       #P
24      68      12      0
24      69      6       0
24      70              0
24      71      24      0       #P
24      72      18      0
24      73      12      0
24      74      6       0
24      75              0
24      76      24      0
24      77      18      0
24      78      12      0
24      79      6       0       #P
24      80              0
24      81      24      0
24      82      18      0
24      83      12      0       #P
24      84      6       0
24      85              0
24      86      24      0
24      87      18      0
24      88      12      0
24      89      6       0       #P
#x      #y      #z      #c      #comment Prime
25      0               0
25      1       25      0       #P
25      2       20      0       #P
25      3       15      0       #P
25      4       10      0
25      5       5       0       #P
25      6               0
25      7       25      0       #P
25      8       20      0
25      9       15      0
25      10      10      0
25      11      5       0       #P
25      12              0
25      13      25      0       #P
25      14      20      0
25      15      15      0
25      16      10      0
25      17      5       0       #P
25      18              0
25      19      25      0       #P
25      20      20      0
25      21      15      0
25      22      10      0
25      23      5       0       #P
25      24              0
25      25      25      0
25      26      20      0
25      27      15      0       #P
25      28      10      0
25      29      5       0       #P
#x      #y      #z      #c      #comment Prime
25      30              0       0
25      31      25      0       #P
25      32      20      0
25      33      15      0
25      34      10      0
25      35      5       0
25      36              0
25      37      25      0       #P
25      38      20      0
25      39      15      0
25      40      10      0
25      41      5       0       #P
25      42              0
25      43      25      0       #P
25      44      20      0
25      45      15      0
25      46      10      0
25      47      5       0       #P
25      48              0
25      49      25      0
25      50      20      0
25      51      15      0
25      52      10      0
25      53      5       0       #P
25      54              0
25      55      25      0
25      56      20      0
25      57      15      0
25      58      10      0
25      59      5       0       #P
#x      #y      #z      #c      #comment Prime
25      60              0
25      61      25      0       #P
25      62      20      0
25      63      15      0
25      64      10      0
25      65      5       0
25      66              0
25      67      25      0       #P
25      68      20      0
25      69      15      0
25      70      10      0
25      71      5       0       #P
25      72              0
25      73      25      0
25      74      20      0
25      75      15      0
25      76      10      0
25      77      5       0
25      78              0
25      79      25      0       #P
25      80      20      0
25      81      15      0
25      82      10      0
25      83      5       0       #P
25      84              0
25      85      25      0
25      86      20      0
25      87      15      0
25      88      10      0
25      89      5       0       #P
#x      #y      #z      #c      #comment Prime
26      0               0
26      1       26      0       #P
26      2       22      0       #P
26      3       18      0       #P
26      4       14      0
26      5       10      0       #P
26      6       6       0
26      7       2       0       #P
26      8       28      0
26      9       24      0
26      10      20      0
26      11      16      0       #P
26      12      12      0
26      13      8       0       #P
26      14      4       0
26      15              0
26      16      26      0
26      17      22      0       #P
26      18      18      0
26      19      14      0       #P
26      20      10      0
26      21      6       0
26      22      2       0
26      23      28      0       #P
26      24      24      0
26      25      20      0
26      26      16      0
26      27      12      0       #P
26      28      8       0
26      29      4       0       #P
#x      #y      #z      #c      #comment Prime
26      30              0       0
26      31      26      0       #P
26      32      22      0
26      33      18      0
26      34      14      0
26      35      10      0
26      36      6       0
26      37      2       0       #P
26      38      28      0
26      39      24      0
26      40      20      0
26      41      16      0       #P
26      42      12      0
26      43      8       0       #P
26      44      4       0
26      45              0
26      46      26      0
26      47      22      0       #P
26      48      18      0
26      49      14      0
26      50      10      0
26      51      6       0
26      52      2       0
26      53      28      0       #P
26      54      24      0
26      55      20      0
26      56      16      0
26      57      12      0
26      58      8       0
26      59      4       0       #P
#x      #y      #z      #c      #comment Prime
26      60              0
26      61      26      0       #P
26      62      22      0
26      63      18      0
26      64      14      0
26      65      10      0
26      66      6       0
26      67      2       0       #P
26      68      28      0
26      69      24      0
26      70      20      0
26      71      16      0       #P
26      72      12      0
26      73      8       0
26      74      4       0
26      75              0
26      76      26      0
26      77      22      0
26      78      18      0
26      79      14      0       #P
26      80      10      0
26      81      6       0
26      82      2       0
26      83      28      0       #P
26      84      24      0
26      85      20      0
26      86      16      0
26      87      12      0
26      88      8       0
26      89      4       0       #P
#x      #y      #z      #c      #comment Prime
27      0               0
27      1       27      0       #P
27      2       24      0       #P
27      3       21      0       #P
27      4       18      0
27      5       15      0       #P
27      6       12      0
27      7       9       0       #P
27      8       6       0
27      9       3       0
27      10              0
27      11      27      0       #P
27      12      24      0
27      13      21      0       #P
27      14      18      0
27      15      15      0
27      16      12      0
27      17      9       0       #P
27      18      6       0
27      19      3       0       #P
27      20              0
27      21      27      0
27      22      24      0
27      23      21      0       #P
27      24      18      0
27      25      15      0
27      26      12      0
27      27      9       0       #P
27      28      6       0
27      29      3       0       #P
#x      #y      #z      #c      #comment Prime
27      30              0       0
27      31      27      0       #P
27      32      24      0
27      33      21      0
27      34      18      0
27      35      15      0
27      36      12      0
27      37      9       0       #P
27      38      6       0
27      39      3       0
27      40              0
27      41      27      0       #P
27      42      24      0
27      43      21      0       #P
27      44      18      0
27      45      15      0
27      46      12      0
27      47      9       0       #P
27      48      6       0
27      49      3       0
27      50              0
27      51      27      0
27      52      24      0
27      53      21      0       #P
27      54      18      0
27      55      15      0
27      56      12      0
27      57      9       0
27      58      6       0
27      59      3       0       #P
#x      #y      #z      #c      #comment Prime
27      60              0
27      61      27      0       #P
27      62      24      0
27      63      21      0
27      64      18      0
27      65      15      0
27      66      12      0
27      67      9       0       #P
27      68      6       0
27      69      3       0
27      70              0
27      71      27      0       #P
27      72      24      0
27      73      21      0
27      74      18      0
27      75      15      0
27      76      12      0
27      77      9       0
27      78      6       0
27      79      3       0       #P
27      80              0
27      81      27      0
27      82      24      0
27      83      21      0       #P
27      84      18      0
27      85      15      0
27      86      12      0
27      87      9       0
27      88      6       0
27      89      3       0       #P
#x      #y      #z      #c      #comment Prime
28      0               0
28      1       28      0       #P
28      2       26      0       #P
28      3       24      0       #P
28      4       22      0
28      5       20      0       #P
28      6       18      0
28      7       16      0       #P
28      8       14      0
28      9       12      0
28      10      10      0
28      11      8       0       #P
28      12      6       0
28      13      4       0       #P
28      14      2       0
28      15              0
28      16      28      0
28      17      26      0       #P
28      18      24      0
28      19      22      0       #P
28      20      20      0
28      21      18      0
28      22      16      0
28      23      14      0       #P
28      24      12      0
28      25      10      0
28      26      8       0
28      27      6       0       #P
28      28      4       0
28      29      2       0       #P
#x      #y      #z      #c      #comment Prime
28      30              0       0
28      31      28      0       #P
28      32      26      0
28      33      24      0
28      34      22      0
28      35      20      0
28      36      18      0
28      37      16      0       #P
28      38      14      0
28      39      12      0
28      40      10      0
28      41      8       0       #P
28      42      6       0
28      43      4       0       #P
28      44      2       0
28      45              0
28      46      28      0
28      47      26      0       #P
28      48      24      0
28      49      22      0
28      50      20      0
28      51      18      0
28      52      16      0
28      53      14      0       #P
28      54      12      0
28      55      10      0
28      56      8       0
28      57      6       0
28      58      4       0
28      59      2       0       #P
#x      #y      #z      #c      #comment Prime
28      60              0
28      61      28      0       #P
28      62      26      0
28      63      24      0
28      64      22      0
28      65      20      0
28      66      18      0
28      67      16      0       #P
28      68      14      0
28      69      12      0
28      70      10      0
28      71      8       0       #P
28      72      6       0
28      73      4       0
28      74      2       0
28      75              0
28      76      28      0
28      77      26      0
28      78      24      0
28      79      22      0       #P
28      80      20      0
28      81      18      0
28      82      16      0
28      83      14      0       #P
28      84      12      0
28      85      10      0
28      86      8       0
28      87      6       0
28      88      4       0
28      89      2       0       #P
#x      #y      #z      #c      #comment Prime
30      0               0
30      1               0       #P
30      2               0       #P
30      3               0       #P
30      4               0
30      5               0       #P
30      6               0
30      7               0       #P
30      8               0
30      9               0
30      10              0
30      11              0       #P
30      12              0
30      13              0       #P
30      14              0
30      15              0
30      16              0
30      17              0       #P
30      18              0
30      19              0       #P
30      20              0
30      21              0
30      22              0
30      23              0       #P
30      24              0
30      25              0
30      26              0
30      27              0       #P
30      28              0
30      29              0       #P
#x      #y      #z      #c      #comment Prime
30      30              0       0
30      31              0       #P
30      32              0
30      33              0
30      34              0
30      35              0
30      36              0
30      37              0       #P
30      38              0
30      39              0
30      40              0
30      41              0       #P
30      42              0
30      43              0       #P
30      44              0
30      45              0
30      46              0
30      47              0       #P
30      48              0
30      49              0
30      50              0
30      51              0
30      52              0
30      53              0       #P
30      54              0
30      55              0
30      56              0
30      57              0
30      58              0
30      59              0       #P
#x      #y      #z      #c      #comment Prime
30      60              0
30      61              0       #P
30      62              0
30      63              0
30      64              0
30      65              0
30      66              0
30      67              0       #P
30      68              0
30      69              0
30      70              0
30      71              0       #P
30      72              0
30      73              0
30      74              0
30      75              0
30      76              0
30      77              0
30      78              0
30      79              0       #P
30      80              0
30      81              0
30      82              0
30      83              0       #P
30      84              0
30      85              0
30      86              0
30      87              0
30      88              0
30      89              0       #P
