#x      #y      #z      #c      #comment Prime
1       00      0       1
1       02      02      1
1       03      03      1
1       04      04      1
1       05      05      1
1       06      06      1
1       08      08      1
1       09      09      1
1       10      10      1
1       12      12      1
1       14      14      1
1       15      15      1
1       16      16      1
1       18      18      1
1       20      20      1
1       21      21      1
1       22      22      1
1       24      24      1
1       25      25      1
1       26      26      1
1       27      27      1
1       28      28      1
1       30      0       1
#x      #y      #z      #c      #comment Prime
1       32      02      1
1       33      03      1
1       34      04      1
1       35      05      1
1       36      06      1
1       38      08      1
1       39      09      1
1       40      10      1
1       42      12      1
1       44      14      1
1       45      15      1
1       46      16      1
1       48      18      1
1       49      19      1
1       50      20      1
1       51      21      1
1       52      22      1
1       54      24      1
1       55      25      1
1       56      26      1
1       57      27      1
1       58      28      1
#x      #y      #z      #c      #comment Prime
1       60      0       1
1       62      02      1
1       63      03      1
1       64      04      1
1       65      05      1
1       66      06      1
1       68      08      1
1       69      09      1
1       70      10      1
1       72      12      1
1       73      13      1
1       74      14      1
1       75      15      1
1       76      16      1
1       77      17      1
1       78      18      1
1       80      20      1
1       81      21      1
1       82      22      1
1       84      24      1
1       85      25      1
1       86      26      1
1       87      27      1
1       88      28      1
#x      #y      #z      #c      #comment Prime
29      00      0       1
29      02      28      1
29      04      26      1
29      05      25      1
29      06      24      1
29      08      22      1
29      09      21      1
29      10      20      1
29      12      18      1
29      14      16      1
29      15      15      1
29      16      14      1
29      18      12      1
29      20      10      1
29      21      09      1
29      22      08      1
29      24      06      1
29      25      05      1
29      26      04      1
29      28      02      1
29      30      0       1
#x      #y      #z      #c      #comment Prime
29      32      28      1
29      33      27      1
29      34      26      1
29      35      25      1
29      36      24      1
29      38      22      1
29      39      21      1
29      40      20      1
29      42      18      1
29      44      16      1
29      45      15      1
29      46      14      1
29      48      12      1
29      49      11      1
29      50      10      1
29      51      09      1
29      52      08      1
29      54      06      1
29      55      05      1
29      56      04      1
29      57      03      1
29      58      02      1
29      60      0       1
#x      #y      #z      #c      #comment Prime
29      62      28      1
29      63      27      1
29      64      26      1
29      65      25      1
29      66      24      1
29      68      22      1
29      69      21      1
29      70      20      1
29      72      18      1
29      73      17      1
29      74      16      1
29      75      15      1
29      76      14      1
29      77      13      1
29      78      12      1
29      80      10      1
29      81      09      1
29      82      08      1
29      84      06      1
29      85      05      1
29      86      04      1
29      87      03      1
29      88      02      1
