#x      #y      #z      #c      #comment Prime
1       0       0       1
1       2       2       1
1       3       3       1
1       4       4       1
1       5       5       1
1       6       6       1
1       8       8       1
1       9       9       1
1       10      10      1
1       12      12      1
1       14      14      1
1       15      15      1
1       16      16      1
1       18      18      1
1       20      20      1
1       21      21      1
1       22      22      1
1       24      24      1
1       25      25      1
1       26      26      1
1       27      27      1
1       28      28      1
1       30      30      1
#x      #y      #z      #c      #comment Prime
1       32      32      1
1       33      33      1
1       34      34      1
1       35      35      1
1       36      36      1
1       38      38      1
1       39      39      1
1       40      40      1
1       42      42      1
1       44      44      1
1       45      45      1
1       46      46      1
1       48      48      1
1       49      49      1
1       50      50      1
1       51      51      1
1       52      52      1
1       54      54      1
1       55      55      1
1       56      56      1
1       57      57      1
1       58      58      1
1       60      60      1
#x      #y      #z      #c      #comment Prime
1       62      62      1
1       63      63      1
1       64      64      1
1       65      65      1
1       66      66      1
1       68      68      1
1       69      69      1
1       70      70      1
1       72      72      1
1       73      73      1
1       74      74      1
1       75      75      1
1       76      76      1
1       77      77      1
1       78      78      1
1       80      80      1
1       81      81      1
1       82      82      1
1       84      84      1
1       85      85      1
1       86      86      1
1       87      87      1
1       88      88      1
#x      #y      #z      #c      #comment Prime
29      0       30      29
29      2       28      29
29      3       27      29
29      4       26      29
29      5       25      29
29      6       24      29
29      8       22      29
29      9       21      29
29      10      20      29
29      12      18      29
29      14      16      29
29      15      15      29
29      16      14      29
29      18      12      29
29      20      10      29
29      21      9       29
29      22      8       29
29      24      6       29
29      25      5       29
29      26      4       29
29      27      3       29
29      28      2       29
#x      #y      #z      #c      #comment Prime
29      30      60      29
29      32      58      29
29      33      57      29
29      34      56      29
29      35      55      29
29      36      54      29
29      38      52      29
29      39      51      29
29      40      50      29
29      42      48      29
29      44      46      29
29      45      45      29
29      46      44      29
29      48      42      29
29      49      41      29
29      50      40      29
29      51      39      29
29      52      38      29
29      54      36      29
29      55      35      29
29      56      34      29
29      57      33      29
29      58      32      29
#x      #y      #z      #c      #comment Prime
29      60      90      29
29      62      88      29
29      63      87      29
29      64      86      29
29      65      85      29
29      66      84      29
29      68      82      29
29      69      81      29
29      70      80      29
29      72      78      29
29      73      77      29
29      74      76      29
29      75      75      29
29      76      74      29
29      77      73      29
29      78      72      29
29      80      70      29
29      81      69      29
29      82      68      29
29      84      66      29
29      85      65      29
29      86      64      29
29      87      63      29
29      88      62      29
