#x      #y      #z      #c      #comment Prime
#29      00      0       1
29      02      28      1
29      03      27      1
29      04      26      1
29      05      25      1
29      06      24      1
29      08      22      1
29      09      21      1
29      10      20      1
29      12      18      1
29      14      16      1
29      15      15      1
29      16      14      1
29      18      12      1
29      20      10      1
29      21      09      1
29      22      08      1
29      24      06      1
29      25      05      1
29      26      04      1
29      27      03      1
29      28      02      1
29      30      0       1
#x      #y      #z      #c      #comment Prime
29      32      58      1
29      33      57      1
29      34      56      1
29      35      55      1
29      36      54      1
29      38      52      1
29      39      51      1
29      40      50      1
29      42      48      1
29      44      46      1
29      45      45      1
29      46      44      1
29      48      42      1
29      49      41      1
29      50      40      1
29      51      39      1
29      52      38      1
29      54      36      1
29      55      35      1
29      56      34      1
29      57      33      1
29      58      32      1
29      60      30      1
#x      #y      #z      #c      #comment Prime
29      62      88      1
29      63      87      1
29      64      86      1
29      65      85      1
29      66      84      1
29      68      82      1
29      69      81      1
29      70      80      1
29      72      78      1
29      73      77      1
29      74      76      1
29      75      75      1
29      76      74      1
29      77      73      1
29      78      72      1
29      80      70      1
29      81      69      1
29      82      68      1
29      84      66      1
29      85      65      1
29      86      64      1
29      87      63      1
29      88      62      1
