#x      #y      #z      #c      #comment Prime
#11      00      0       3
11      02      22      3
11      03      03      3
11      04      14      3
11      05      25      3
11      06      06      3
11      08      28      3
11      09      09      3
11      10      20      3
11      12      12      3
11      14      04      3
11      15      15      3
11      16      26      3
11      18      18      3
11      20      10      3
11      21      21      3
11      22      02      3
11      24      24      3
11      25      05      3
11      26      16      3
11      27      27      3
11      28      08      3
11      30      30      3
#x      #y      #z      #c      #comment Prime
11      32      52      3
11      33      33      3
11      34      44      3
11      35      55      3
11      36      36      3
11      38      58      3
11      39      39      3
11      40      50      3
11      42      42      3
11      44      34      3
11      45      45      3
11      46      56      3
11      48      48      3
11      49      59      3
11      50      40      3
11      51      51      3
11      52      32      3
11      54      54      3
11      55      35      3
11      56      46      3
11      57      57      3
11      58      38      3
11      60      60      3
#x      #y      #z      #c      #comment Prime
11      62      82      3
11      63      63      3
11      64      74      3
11      65      85      3
11      66      66      3
11      68      88      3
11      69      69      3
11      70      80      3
11      72      72      3
11      73      83      3
11      74      64      3
11      75      75      3
11      76      86      3
11      77      67      3
11      78      78      3
11      80      70      3
11      81      81      3
11      82      62      3
11      84      84      3
11      85      65      3
11      86      76      3
11      87      87      3
11      88      68      3
