17      00      0       4       #
17      02      04      4       #
17      05      25      4       #
17      04      08      4       #
17      06      12      4       #
17      08      16      4       #
17      09      03      4       #
17      10      20      4       #
17      12      24      4       #
17      14      28      4       #
17      15      15      4       #
17      16      02      4       #
17      18      06      4       #
17      20      10      4       #
17      21      27      4       #
17      22      14      4       #
17      24      18      4       #
17      25      05      4       #
17      26      22      4       #
17      28      26      4       #



17      30      0       4       0
17      32      04      4       #
17      33      21      4       #
17      34      08      4       #
17      35      25      4       #
17      36      12      4       #
17      38      16      4       #
17      39      03      4       #
17      40      20      4       #
17      42      24      4       #
17      44      28      4       #
17      45      15      4       #
17      46      02      4       #
17      48      06      4       #
17      49      23      4       #
17      50      10      4       #
17      51      27      4       #
17      52      14      4       #
17      54      18      4       #
17      55      05      4       #
17      56      22      4       #
17      57      09      4       #
17      58      26      4       #



17      60      0       4       #
17      62      04      4       #
17      63      21      4       #
17      64      08      4       #
17      65      25      4       #
17      66      12      4       #
17      68      16      4       #
17      69      03      4       #
17      70      20      4       #
17      72      24      4       #
17      73      11      4       #
17      74      28      4       #
17      75      15      4       #
17      76      02      4       #
17      77      19      4       #
17      78      06      4       #
17      80      10      4       #
17      81      27      4       #
17      82      14      4       #
17      84      18      4       #
17      85      05      4       #
17      86      22      4       #
17      87      09      4       #
17      88      26      4       #


