#x      #y      #z      #c      #comment Prime
#23      00      0       2
23      02      16      2
23      03      09      2
23      04      02      2
23      05      25      2
23      06      18      2
23      08      04      2
23      09      27      2
23      10      20      2
23      12      06      2
23      14      22      2
23      15      15      2
23      16      08      2
23      18      24      2
23      20      10      2
23      21      03      2
23      22      26      2
23      24      12      2
23      25      05      2
23      26      28      2
23      27      21      2
23      28      14      2
23      30      30      2
#x      #y      #z      #c      #comment Prime
23      32      46      2
23      33      39      2
23      34      32      2
23      35      55      2
23      36      48      2
23      38      34      2
23      39      57      2
23      40      50      2
23      42      36      2
23      44      52      2
23      45      45      2
23      46      38      2
23      48      54      2
23      49      47      2
23      50      40      2
23      51      33      2
23      52      56      2
23      54      42      2
23      55      35      2
23      56      58      2
23      57      51      2
23      58      44      2
#x      #y      #z      #c      #comment Prime
23      60      60      2
23      62      76      2
23      63      69      2
23      64      62      2
23      65      85      2
23      66      78      2
23      68      64      2
23      69      87      2
23      70      80      2
23      72      66      2
23      73      89      2
23      74      82      2
23      75      75      2
23      76      68      2
23      77      61      2
23      78      84      2
23      80      70      2
23      81      63      2
23      82      86      2
23      84      72      2
23      85      65      2
23      86      88      2
23      87      81      2
23      88      74      2
