#x      #y      #z      #c      #comment Prime
7       00      0       2
7       02      14      2
7       03      21      2
7       04      28      2
7       05      05      2
7       06      12      2
7       08      26      2
7       09      03      2
7       10      10      2
7       12      24      2
7       14      08      2
7       15      15      2
7       16      22      2
7       18      06      2
7       20      20      2
7       21      27      2
7       22      04      2
7       24      18      2
7       25      25      2
7       26      02      2
7       27      09      2
7       28      16      2
#7       30      0       2



#x      #y      #z      #c      #comment Prime
7       32      44      2
7       33      51      2
7       34      58      2
7       35      35      2
7       36      42      2
7       38      56      2
7       39      33      2
7       40      40      2
7       42      54      2
7       44      38      2
7       45      45      2
7       46      52      2
7       48      36      2
7       49      43      2
7       50      50      2
7       51      57      2
7       52      34      2
7       54      48      2
7       55      55      2
7       56      32      2
7       57      39      2
7       58      46      2



#x      #y      #z      #c      #comment Prime
7       60      60      2
7       62      74      2
7       63      81      2
7       64      88      2
7       65      65      2
7       66      72      2
7       68      86      2
7       69      63      2
7       70      70      2
7       72      84      2
7       73      61      2
7       74      68      2
7       75      75      2
7       76      82      2
7       77      89      2
7       78      66      2
7       80      80      2
7       81      87      2
7       82      64      2
7       84      78      2
7       85      85      2
7       86      62      2
7       87      69      2
7       88      76      2
