#x      #y      #z      #c      #comment Prime
19      00      0       3
19      02      08      3
19      04      16      3
19      05      05      3
19      06      24      3
19      08      02      3
19      09      21      3
19      10      10      3
19      12      18      3
19      14      26      3
19      15      15      3
19      16      04      3
19      18      12      3
19      20      20      3
19      21      09      3
19      22      28      3
19      24      06      3
19      25      25      3
19      26      14      3
19      28      22      3
#x      #y      #z      #c      #comment Prime
19      30      0       3
19      32      08      3
19      33      27      3
19      34      16      3
19      35      05      3
19      36      24      3
19      38      02      3
19      39      21      3
19      40      10      3
19      42      18      3
19      44      26      3
19      45      15      3
19      46      04      3
19      48      12      3
19      49      01      3
19      50      20      3
19      51      09      3
19      52      28      3
19      54      06      3
19      55      25      3
19      56      14      3
19      57      03      3
19      58      22      3
#x      #y      #z      #c      #comment Prime
19      60      0       3
19      62      08      3
19      63      27      3
19      64      16      3
19      65      05      3
19      66      24      3
19      68      02      3
19      69      21      3
19      70      10      3
19      72      18      3
19      73      07      3
19      74      26      3
19      75      15      3
19      76      04      3
19      77      23      3
19      78      12      3
19      80      20      3
19      81      09      3
19      82      28      3
19      84      06      3
19      85      25      3
19      86      14      3
19      87      03      3
19      88      22      3
