#x      #y      #z      #c      #comment Prime
01      00      0       2       #     23
01      02      16      2       #     23
01      03      09      2       #     23
01      04      02      2       #     23
01      05      25      2       #     23
01      06      18      2       #     23
01      08      04      2       #     23
01      09      27      2       #     23
01      10      20      2       #     23
01      12      06      2       #     23
01      14      22      2       #     23
01      15      15      2       #     23
01      16      08      2       #     23
01      18      24      2       #     23
01      20      10      2       #     23
01      21      03      2       #     23
01      22      26      2       #     23
01      24      12      2       #     23
01      25      05      2       #     23
01      26      28      2       #     23
01      27      21      2       #     23
01      28      14      2       #     23
