#x      #y      #z      #c      #comment Prime
01      00      0       4       #     13
01      02      26      4       #     13
01      03      09      1       #     13
01      04      22      4       #     13
01      05      05      4       #     13
01      06      18      4       #     13
01      08      14      4       #     13
01      09      27      4       #     13
01      10      10      4       #     13
01      12      06      4       #     13
01      14      02      4       #     13
01      15      15      4       #     13
01      16      28      4       #     13
01      18      24      4       #     13
01      20      20      4       #     13
01      21      03      4       #     13
01      22      16      4       #     13
01      24      12      4       #     13
01      25      25      4       #     13
01      26      08      4       #     13
01      27      21      1       #     13
01      28      04      4       #     13
