x,y,z,prime,pcolor
060,00,2, ,gray91
060,01,1.96666666666667, ,gray91
060,02,1.93333333333333, ,gray91
060,03,1.9, ,gray91
060,04,1.86666666666667, ,gray91
060,05,1.83333333333333, ,gray91
060,06,1.8, ,gray91
060,07,1.76666666666667, ,gray91
060,08,1.73333333333333, ,gray91
060,09,1.7, ,gray91
060,10,1.66666666666667, ,gray91
060,11,1.63333333333333, ,gray91
060,12,1.6, ,gray91
060,13,1.56666666666667, ,gray91
060,14,1.53333333333333, ,gray91
060,15,1.5, ,gray91
060,16,1.46666666666667, ,gray91
060,17,1.43333333333333, ,gray91
060,18,1.4, ,gray91
060,19,1.36666666666667, ,gray91
060,20,1.33333333333333, ,gray91
060,21,1.3, ,gray91
060,22,1.26666666666667, ,gray91
060,23,1.23333333333333, ,gray91
060,24,1.2, ,gray91
060,25,1.16666666666667, ,gray91
060,26,1.13333333333333, ,gray91
060,27,1.1, ,gray91
060,28,1.06666666666667, ,gray91
060,29,1.03333333333333, ,gray91
061,00,2.03333333333333, ,gray91
061,01,2,P ,BLUE
061,02,1.96666666666667, ,gray91
061,03,1.93333333333333, ,gray91
061,04,1.9, ,gray91
061,05,1.86666666666667, ,gray91
061,06,1.83333333333333, ,gray91
061,07,1.8, ,gray91
061,08,1.76666666666667, ,gray91
061,09,1.73333333333333, ,gray91
061,10,1.7, ,gray91
061,11,1.66666666666667, ,gray91
061,12,1.63333333333333, ,gray91
061,13,1.6, ,gray91
061,14,1.56666666666667, ,gray91
061,15,1.53333333333333, ,gray91
061,16,1.5, ,gray91
061,17,1.46666666666667, ,gray91
061,18,1.43333333333333, ,gray91
061,19,1.4, ,gray91
061,20,1.36666666666667, ,gray91
061,21,1.33333333333333, ,gray91
061,22,1.3, ,gray91
061,23,1.26666666666667, ,gray91
061,24,1.23333333333333, ,gray91
061,25,1.2, ,gray91
061,26,1.16666666666667, ,gray91
061,27,1.13333333333333, ,gray91
061,28,1.1, ,gray91
061,29,1.06666666666667, ,gray91
062,00,2.06666666666667, ,gray91
062,01,2.03333333333333, ,gray91
062,02,2, ,gray91
062,03,1.96666666666667, ,gray91
062,04,1.93333333333333, ,gray91
062,05,1.9, ,gray91
062,06,1.86666666666667, ,gray91
062,07,1.83333333333333, ,gray91
062,08,1.8, ,gray91
062,09,1.76666666666667, ,gray91
062,10,1.73333333333333, ,gray91
062,11,1.7, ,gray91
062,12,1.66666666666667, ,gray91
062,13,1.63333333333333, ,gray91
062,14,1.6, ,gray91
062,15,1.56666666666667, ,gray91
062,16,1.53333333333333, ,gray91
062,17,1.5, ,gray91
062,18,1.46666666666667, ,gray91
062,19,1.43333333333333, ,gray91
062,20,1.4, ,gray91
062,21,1.36666666666667, ,gray91
062,22,1.33333333333333, ,gray91
062,23,1.3, ,gray91
062,24,1.26666666666667, ,gray91
062,25,1.23333333333333, ,gray91
062,26,1.2, ,gray91
062,27,1.16666666666667, ,gray91
062,28,1.13333333333333, ,gray91
062,29,1.1, ,gray91
063,00,2.1, ,gray91
063,01,2.06666666666667, ,gray91
063,02,2.03333333333333, ,gray91
063,03,2, ,gray91
063,04,1.96666666666667, ,gray91
063,05,1.93333333333333, ,gray91
063,06,1.9, ,gray91
063,07,1.86666666666667, ,gray91
063,08,1.83333333333333, ,gray91
063,09,1.8, ,gray91
063,10,1.76666666666667, ,gray91
063,11,1.73333333333333, ,gray91
063,12,1.7, ,gray91
063,13,1.66666666666667, ,gray91
063,14,1.63333333333333, ,gray91
063,15,1.6, ,gray91
063,16,1.56666666666667, ,gray91
063,17,1.53333333333333, ,gray91
063,18,1.5, ,gray91
063,19,1.46666666666667, ,gray91
063,20,1.43333333333333, ,gray91
063,21,1.4, ,gray91
063,22,1.36666666666667, ,gray91
063,23,1.33333333333333, ,gray91
063,24,1.3, ,gray91
063,25,1.26666666666667, ,gray91
063,26,1.23333333333333, ,gray91
063,27,1.2, ,gray91
063,28,1.16666666666667, ,gray91
063,29,1.13333333333333, ,gray91
064,00,2.13333333333333, ,gray91
064,01,2.1, ,gray91
064,02,2.06666666666667, ,gray91
064,03,2.03333333333333, ,gray91
064,04,2, ,gray91
064,05,1.96666666666667, ,gray91
064,06,1.93333333333333, ,gray91
064,07,1.9, ,gray91
064,08,1.86666666666667, ,gray91
064,09,1.83333333333333, ,gray91
064,10,1.8, ,gray91
064,11,1.76666666666667, ,gray91
064,12,1.73333333333333, ,gray91
064,13,1.7, ,gray91
064,14,1.66666666666667, ,gray91
064,15,1.63333333333333, ,gray91
064,16,1.6, ,gray91
064,17,1.56666666666667, ,gray91
064,18,1.53333333333333, ,gray91
064,19,1.5, ,gray91
064,20,1.46666666666667, ,gray91
064,21,1.43333333333333, ,gray91
064,22,1.4, ,gray91
064,23,1.36666666666667, ,gray91
064,24,1.33333333333333, ,gray91
064,25,1.3, ,gray91
064,26,1.26666666666667, ,gray91
064,27,1.23333333333333, ,gray91
064,28,1.2, ,gray91
064,29,1.16666666666667, ,gray91
065,00,2.16666666666667, ,gray91
065,01,2.13333333333333, ,gray91
065,02,2.1, ,gray91
065,03,2.06666666666667, ,gray91
065,04,2.03333333333333, ,gray91
065,05,2, ,gray91
065,06,1.96666666666667, ,gray91
065,07,1.93333333333333, ,gray91
065,08,1.9, ,gray91
065,09,1.86666666666667, ,gray91
065,10,1.83333333333333, ,gray91
065,11,1.8, ,gray91
065,12,1.76666666666667, ,gray91
065,13,1.73333333333333, ,gray91
065,14,1.7, ,gray91
065,15,1.66666666666667, ,gray91
065,16,1.63333333333333, ,gray91
065,17,1.6, ,gray91
065,18,1.56666666666667, ,gray91
065,19,1.53333333333333, ,gray91
065,20,1.5, ,gray91
065,21,1.46666666666667, ,gray91
065,22,1.43333333333333, ,gray91
065,23,1.4, ,gray91
065,24,1.36666666666667, ,gray91
065,25,1.33333333333333, ,gray91
065,26,1.3, ,gray91
065,27,1.26666666666667, ,gray91
065,28,1.23333333333333, ,gray91
065,29,1.2, ,gray91
066,00,2.2, ,gray91
066,01,2.16666666666667, ,gray91
066,02,2.13333333333333, ,gray91
066,03,2.1, ,gray91
066,04,2.06666666666667, ,gray91
066,05,2.03333333333333, ,gray91
066,06,2, ,gray91
066,07,1.96666666666667, ,gray91
066,08,1.93333333333333, ,gray91
066,09,1.9, ,gray91
066,10,1.86666666666667, ,gray91
066,11,1.83333333333333, ,gray91
066,12,1.8, ,gray91
066,13,1.76666666666667, ,gray91
066,14,1.73333333333333, ,gray91
066,15,1.7, ,gray91
066,16,1.66666666666667, ,gray91
066,17,1.63333333333333, ,gray91
066,18,1.6, ,gray91
066,19,1.56666666666667, ,gray91
066,20,1.53333333333333, ,gray91
066,21,1.5, ,gray91
066,22,1.46666666666667, ,gray91
066,23,1.43333333333333, ,gray91
066,24,1.4, ,gray91
066,25,1.36666666666667, ,gray91
066,26,1.33333333333333, ,gray91
066,27,1.3, ,gray91
066,28,1.26666666666667, ,gray91
066,29,1.23333333333333, ,gray91
067,00,2.23333333333333, ,gray91
067,01,2.2, ,gray91
067,02,2.16666666666667, ,gray91
067,03,2.13333333333333, ,gray91
067,04,2.1, ,gray91
067,05,2.06666666666667, ,gray91
067,06,2.03333333333333, ,gray91
067,07,2,P,GREEN
067,08,1.96666666666667, ,gray91
067,09,1.93333333333333, ,gray91
067,10,1.9, ,gray91
067,11,1.86666666666667, ,gray91
067,12,1.83333333333333, ,gray91
067,13,1.8, ,gray91
067,14,1.76666666666667, ,gray91
067,15,1.73333333333333, ,gray91
067,16,1.7, ,gray91
067,17,1.66666666666667, ,gray91
067,18,1.63333333333333, ,gray91
067,19,1.6, ,gray91
067,20,1.56666666666667, ,gray91
067,21,1.53333333333333, ,gray91
067,22,1.5, ,gray91
067,23,1.46666666666667, ,gray91
067,24,1.43333333333333, ,gray91
067,25,1.4, ,gray91
067,26,1.36666666666667, ,gray91
067,27,1.33333333333333, ,gray91
067,28,1.3, ,gray91
067,29,1.26666666666667, ,gray91
068,00,2.26666666666667, ,gray91
068,01,2.23333333333333, ,gray91
068,02,2.2, ,gray91
068,03,2.16666666666667, ,gray91
068,04,2.13333333333333, ,gray91
068,05,2.1, ,gray91
068,06,2.06666666666667, ,gray91
068,07,2.03333333333333, ,gray91
068,08,2, ,gray91
068,09,1.96666666666667, ,gray91
068,10,1.93333333333333, ,gray91
068,11,1.9, ,gray91
068,12,1.86666666666667, ,gray91
068,13,1.83333333333333, ,gray91
068,14,1.8, ,gray91
068,15,1.76666666666667, ,gray91
068,16,1.73333333333333, ,gray91
068,17,1.7, ,gray91
068,18,1.66666666666667, ,gray91
068,19,1.63333333333333, ,gray91
068,20,1.6, ,gray91
068,21,1.56666666666667, ,gray91
068,22,1.53333333333333, ,gray91
068,23,1.5, ,gray91
068,24,1.46666666666667, ,gray91
068,25,1.43333333333333, ,gray91
068,26,1.4, ,gray91
068,27,1.36666666666667, ,gray91
068,28,1.33333333333333, ,gray91
068,29,1.3, ,gray91
069,00,2.3, ,gray91
069,01,2.26666666666667, ,gray91
069,02,2.23333333333333, ,gray91
069,03,2.2, ,gray91
069,04,2.16666666666667, ,gray91
069,05,2.13333333333333, ,gray91
069,06,2.1, ,gray91
069,07,2.06666666666667, ,gray91
069,08,2.03333333333333, ,gray91
069,09,2, ,gray91
069,10,1.96666666666667, ,gray91
069,11,1.93333333333333, ,gray91
069,12,1.9, ,gray91
069,13,1.86666666666667, ,gray91
069,14,1.83333333333333, ,gray91
069,15,1.8, ,gray91
069,16,1.76666666666667, ,gray91
069,17,1.73333333333333, ,gray91
069,18,1.7, ,gray91
069,19,1.66666666666667, ,gray91
069,20,1.63333333333333, ,gray91
069,21,1.6, ,gray91
069,22,1.56666666666667, ,gray91
069,23,1.53333333333333, ,gray91
069,24,1.5, ,gray91
069,25,1.46666666666667, ,gray91
069,26,1.43333333333333, ,gray91
069,27,1.4, ,gray91
069,28,1.36666666666667, ,gray91
069,29,1.33333333333333, ,gray91
070,00,2.33333333333333, ,gray91
070,01,2.3, ,gray91
070,02,2.26666666666667, ,gray91
070,03,2.23333333333333, ,gray91
070,04,2.2, ,gray91
070,05,2.16666666666667, ,gray91
070,06,2.13333333333333, ,gray91
070,07,2.1, ,gray91
070,08,2.06666666666667, ,gray91
070,09,2.03333333333333, ,gray91
070,10,2, ,gray91
070,11,1.96666666666667, ,gray91
070,12,1.93333333333333, ,gray91
070,13,1.9, ,gray91
070,14,1.86666666666667, ,gray91
070,15,1.83333333333333, ,gray91
070,16,1.8, ,gray91
070,17,1.76666666666667, ,gray91
070,18,1.73333333333333, ,gray91
070,19,1.7, ,gray91
070,20,1.66666666666667, ,gray91
070,21,1.63333333333333, ,gray91
070,22,1.6, ,gray91
070,23,1.56666666666667, ,gray91
070,24,1.53333333333333, ,gray91
070,25,1.5, ,gray91
070,26,1.46666666666667, ,gray91
070,27,1.43333333333333, ,gray91
070,28,1.4, ,gray91
070,29,1.36666666666667, ,gray91
071,00,2.36666666666667, ,gray91
071,01,2.33333333333333, ,gray91
071,02,2.3, ,gray91
071,03,2.26666666666667, ,gray91
071,04,2.23333333333333, ,gray91
071,05,2.2, ,gray91
071,06,2.16666666666667, ,gray91
071,07,2.13333333333333, ,gray91
071,08,2.1, ,gray91
071,09,2.06666666666667, ,gray91
071,10,2.03333333333333, ,gray91
071,11,2,P,RED
071,12,1.96666666666667, ,gray91
071,13,1.93333333333333, ,gray91
071,14,1.9, ,gray91
071,15,1.86666666666667, ,gray91
071,16,1.83333333333333, ,gray91
071,17,1.8, ,gray91
071,18,1.76666666666667, ,gray91
071,19,1.73333333333333, ,gray91
071,20,1.7, ,gray91
071,21,1.66666666666667, ,gray91
071,22,1.63333333333333, ,gray91
071,23,1.6, ,gray91
071,24,1.56666666666667, ,gray91
071,25,1.53333333333333, ,gray91
071,26,1.5, ,gray91
071,27,1.46666666666667, ,gray91
071,28,1.43333333333333, ,gray91
071,29,1.4, ,gray91
072,00,2.4, ,gray91
072,01,2.36666666666667, ,gray91
072,02,2.33333333333333, ,gray91
072,03,2.3, ,gray91
072,04,2.26666666666667, ,gray91
072,05,2.23333333333333, ,gray91
072,06,2.2, ,gray91
072,07,2.16666666666667, ,gray91
072,08,2.13333333333333, ,gray91
072,09,2.1, ,gray91
072,10,2.06666666666667, ,gray91
072,11,2.03333333333333, ,gray91
072,12,2, ,gray91
072,13,1.96666666666667, ,gray91
072,14,1.93333333333333, ,gray91
072,15,1.9, ,gray91
072,16,1.86666666666667, ,gray91
072,17,1.83333333333333, ,gray91
072,18,1.8, ,gray91
072,19,1.76666666666667, ,gray91
072,20,1.73333333333333, ,gray91
072,21,1.7, ,gray91
072,22,1.66666666666667, ,gray91
072,23,1.63333333333333, ,gray91
072,24,1.6, ,gray91
072,25,1.56666666666667, ,gray91
072,26,1.53333333333333, ,gray91
072,27,1.5, ,gray91
072,28,1.46666666666667, ,gray91
072,29,1.43333333333333, ,gray91
073,00,2.43333333333333, ,gray91
073,01,2.4, ,gray91
073,02,2.36666666666667, ,gray91
073,03,2.33333333333333, ,gray91
073,04,2.3, ,gray91
073,05,2.26666666666667, ,gray91
073,06,2.23333333333333, ,gray91
073,07,2.2, ,gray91
073,08,2.16666666666667, ,gray91
073,09,2.13333333333333, ,gray91
073,10,2.1, ,gray91
073,11,2.06666666666667, ,gray91
073,12,2.03333333333333, ,gray91
073,13,2,P,GOLD
073,14,1.96666666666667, ,gray91
073,15,1.93333333333333, ,gray91
073,16,1.9, ,gray91
073,17,1.86666666666667, ,gray91
073,18,1.83333333333333, ,gray91
073,19,1.8, ,gray91
073,20,1.76666666666667, ,gray91
073,21,1.73333333333333, ,gray91
073,22,1.7, ,gray91
073,23,1.66666666666667, ,gray91
073,24,1.63333333333333, ,gray91
073,25,1.6, ,gray91
073,26,1.56666666666667, ,gray91
073,27,1.53333333333333, ,gray91
073,28,1.5, ,gray91
073,29,1.46666666666667, ,gray91
074,00,2.46666666666667, ,gray91
074,01,2.43333333333333, ,gray91
074,02,2.4, ,gray91
074,03,2.36666666666667, ,gray91
074,04,2.33333333333333, ,gray91
074,05,2.3, ,gray91
074,06,2.26666666666667, ,gray91
074,07,2.23333333333333, ,gray91
074,08,2.2, ,gray91
074,09,2.16666666666667, ,gray91
074,10,2.13333333333333, ,gray91
074,11,2.1, ,gray91
074,12,2.06666666666667, ,gray91
074,13,2.03333333333333, ,gray91
074,14,2, ,gray91
074,15,1.96666666666667, ,gray91
074,16,1.93333333333333, ,gray91
074,17,1.9, ,gray91
074,18,1.86666666666667, ,gray91
074,19,1.83333333333333, ,gray91
074,20,1.8, ,gray91
074,21,1.76666666666667, ,gray91
074,22,1.73333333333333, ,gray91
074,23,1.7, ,gray91
074,24,1.66666666666667, ,gray91
074,25,1.63333333333333, ,gray91
074,26,1.6, ,gray91
074,27,1.56666666666667, ,gray91
074,28,1.53333333333333, ,gray91
074,29,1.5, ,gray91
075,00,2.5, ,gray91
075,01,2.46666666666667, ,gray91
075,02,2.43333333333333, ,gray91
075,03,2.4, ,gray91
075,04,2.36666666666667, ,gray91
075,05,2.33333333333333, ,gray91
075,06,2.3, ,gray91
075,07,2.26666666666667, ,gray91
075,08,2.23333333333333, ,gray91
075,09,2.2, ,gray91
075,10,2.16666666666667, ,gray91
075,11,2.13333333333333, ,gray91
075,12,2.1, ,gray91
075,13,2.06666666666667, ,gray91
075,14,2.03333333333333, ,gray91
075,15,2, ,gray91
075,16,1.96666666666667, ,gray91
075,17,1.93333333333333, ,gray91
075,18,1.9, ,gray91
075,19,1.86666666666667, ,gray91
075,20,1.83333333333333, ,gray91
075,21,1.8, ,gray91
075,22,1.76666666666667, ,gray91
075,23,1.73333333333333, ,gray91
075,24,1.7, ,gray91
075,25,1.66666666666667, ,gray91
075,26,1.63333333333333, ,gray91
075,27,1.6, ,gray91
075,28,1.56666666666667, ,gray91
075,29,1.53333333333333, ,gray91
076,00,2.53333333333333, ,gray91
076,01,2.5, ,gray91
076,02,2.46666666666667, ,gray91
076,03,2.43333333333333, ,gray91
076,04,2.4, ,gray91
076,05,2.36666666666667, ,gray91
076,06,2.33333333333333, ,gray91
076,07,2.3, ,gray91
076,08,2.26666666666667, ,gray91
076,09,2.23333333333333, ,gray91
076,10,2.2, ,gray91
076,11,2.16666666666667, ,gray91
076,12,2.13333333333333, ,gray91
076,13,2.1, ,gray91
076,14,2.06666666666667, ,gray91
076,15,2.03333333333333, ,gray91
076,16,2, ,gray91
076,17,1.96666666666667, ,gray91
076,18,1.93333333333333, ,gray91
076,19,1.9, ,gray91
076,20,1.86666666666667, ,gray91
076,21,1.83333333333333, ,gray91
076,22,1.8, ,gray91
076,23,1.76666666666667, ,gray91
076,24,1.73333333333333, ,gray91
076,25,1.7, ,gray91
076,26,1.66666666666667, ,gray91
076,27,1.63333333333333, ,gray91
076,28,1.6, ,gray91
076,29,1.56666666666667, ,gray91
077,00,2.56666666666667, ,gray91
077,01,2.53333333333333, ,gray91
077,02,2.5, ,gray91
077,03,2.46666666666667, ,gray91
077,04,2.43333333333333, ,gray91
077,05,2.4, ,gray91
077,06,2.36666666666667, ,gray91
077,07,2.33333333333333, ,gray91
077,08,2.3, ,gray91
077,09,2.26666666666667, ,gray91
077,10,2.23333333333333, ,gray91
077,11,2.2, ,gray91
077,12,2.16666666666667, ,gray91
077,13,2.13333333333333, ,gray91
077,14,2.1, ,gray91
077,15,2.06666666666667, ,gray91
077,16,2.03333333333333, ,gray91
077,17,2, ,gray91
077,18,1.96666666666667, ,gray91
077,19,1.93333333333333, ,gray91
077,20,1.9, ,gray91
077,21,1.86666666666667, ,gray91
077,22,1.83333333333333, ,gray91
077,23,1.8, ,gray91
077,24,1.76666666666667, ,gray91
077,25,1.73333333333333, ,gray91
077,26,1.7, ,gray91
077,27,1.66666666666667, ,gray91
077,28,1.63333333333333, ,gray91
077,29,1.6, ,gray91
078,00,2.6, ,gray91
078,01,2.56666666666667, ,gray91
078,02,2.53333333333333, ,gray91
078,03,2.5, ,gray91
078,04,2.46666666666667, ,gray91
078,05,2.43333333333333, ,gray91
078,06,2.4, ,gray91
078,07,2.36666666666667, ,gray91
078,08,2.33333333333333, ,gray91
078,09,2.3, ,gray91
078,10,2.26666666666667, ,gray91
078,11,2.23333333333333, ,gray91
078,12,2.2, ,gray91
078,13,2.16666666666667, ,gray91
078,14,2.13333333333333, ,gray91
078,15,2.1, ,gray91
078,16,2.06666666666667, ,gray91
078,17,2.03333333333333, ,gray91
078,18,2, ,gray91
078,19,1.96666666666667, ,gray91
078,20,1.93333333333333, ,gray91
078,21,1.9, ,gray91
078,22,1.86666666666667, ,gray91
078,23,1.83333333333333, ,gray91
078,24,1.8, ,gray91
078,25,1.76666666666667, ,gray91
078,26,1.73333333333333, ,gray91
078,27,1.7, ,gray91
078,28,1.66666666666667, ,gray91
078,29,1.63333333333333, ,gray91
079,00,2.63333333333333, ,gray91
079,01,2.6, ,gray91
079,02,2.56666666666667, ,gray91
079,03,2.53333333333333, ,gray91
079,04,2.5, ,gray91
079,05,2.46666666666667, ,gray91
079,06,2.43333333333333, ,gray91
079,07,2.4, ,gray91
079,08,2.36666666666667, ,gray91
079,09,2.33333333333333, ,gray91
079,10,2.3, ,gray91
079,11,2.26666666666667, ,gray91
079,12,2.23333333333333, ,gray91
079,13,2.2, ,gray91
079,14,2.16666666666667, ,gray91
079,15,2.13333333333333, ,gray91
079,16,2.1, ,gray91
079,17,2.06666666666667, ,gray91
079,18,2.03333333333333, ,gray91
079,19,2,P,RED
079,20,1.96666666666667, ,gray91
079,21,1.93333333333333, ,gray91
079,22,1.9, ,gray91
079,23,1.86666666666667, ,gray91
079,24,1.83333333333333, ,gray91
079,25,1.8, ,gray91
079,26,1.76666666666667, ,gray91
079,27,1.73333333333333, ,gray91
079,28,1.7, ,gray91
079,29,1.66666666666667, ,gray91
080,00,2.66666666666667, ,gray91
080,01,2.63333333333333, ,gray91
080,02,2.6, ,gray91
080,03,2.56666666666667, ,gray91
080,04,2.53333333333333, ,gray91
080,05,2.5, ,gray91
080,06,2.46666666666667, ,gray91
080,07,2.43333333333333, ,gray91
080,08,2.4, ,gray91
080,09,2.36666666666667, ,gray91
080,10,2.33333333333333, ,gray91
080,11,2.3, ,gray91
080,12,2.26666666666667, ,gray91
080,13,2.23333333333333, ,gray91
080,14,2.2, ,gray91
080,15,2.16666666666667, ,gray91
080,16,2.13333333333333, ,gray91
080,17,2.1, ,gray91
080,18,2.06666666666667, ,gray91
080,19,2.03333333333333, ,gray91
080,20,2, ,gray91
080,21,1.96666666666667, ,gray91
080,22,1.93333333333333, ,gray91
080,23,1.9, ,gray91
080,24,1.86666666666667, ,gray91
080,25,1.83333333333333, ,gray91
080,26,1.8, ,gray91
080,27,1.76666666666667, ,gray91
080,28,1.73333333333333, ,gray91
080,29,1.7, ,gray91
081,00,2.7, ,gray91
081,01,2.66666666666667, ,gray91
081,02,2.63333333333333, ,gray91
081,03,2.6, ,gray91
081,04,2.56666666666667, ,gray91
081,05,2.53333333333333, ,gray91
081,06,2.5, ,gray91
081,07,2.46666666666667, ,gray91
081,08,2.43333333333333, ,gray91
081,09,2.4, ,gray91
081,10,2.36666666666667, ,gray91
081,11,2.33333333333333, ,gray91
081,12,2.3, ,gray91
081,13,2.26666666666667, ,gray91
081,14,2.23333333333333, ,gray91
081,15,2.2, ,gray91
081,16,2.16666666666667, ,gray91
081,17,2.13333333333333, ,gray91
081,18,2.1, ,gray91
081,19,2.06666666666667, ,gray91
081,20,2.03333333333333, ,gray91
081,21,2, ,gray91
081,22,1.96666666666667, ,gray91
081,23,1.93333333333333, ,gray91
081,24,1.9, ,gray91
081,25,1.86666666666667, ,gray91
081,26,1.83333333333333, ,gray91
081,27,1.8, ,gray91
081,28,1.76666666666667, ,gray91
081,29,1.73333333333333, ,gray91
082,00,2.73333333333333, ,gray91
082,01,2.7, ,gray91
082,02,2.66666666666667, ,gray91
082,03,2.63333333333333, ,gray91
082,04,2.6, ,gray91
082,05,2.56666666666667, ,gray91
082,06,2.53333333333333, ,gray91
082,07,2.5, ,gray91
082,08,2.46666666666667, ,gray91
082,09,2.43333333333333, ,gray91
082,10,2.4, ,gray91
082,11,2.36666666666667, ,gray91
082,12,2.33333333333333, ,gray91
082,13,2.3, ,gray91
082,14,2.26666666666667, ,gray91
082,15,2.23333333333333, ,gray91
082,16,2.2, ,gray91
082,17,2.16666666666667, ,gray91
082,18,2.13333333333333, ,gray91
082,19,2.1, ,gray91
082,20,2.06666666666667, ,gray91
082,21,2.03333333333333, ,gray91
082,22,2, ,gray91
082,23,1.96666666666667, ,gray91
082,24,1.93333333333333, ,gray91
082,25,1.9, ,gray91
082,26,1.86666666666667, ,gray91
082,27,1.83333333333333, ,gray91
082,28,1.8, ,gray91
082,29,1.76666666666667, ,gray91
083,00,2.76666666666667, ,gray91
083,01,2.73333333333333, ,gray91
083,02,2.7, ,gray91
083,03,2.66666666666667, ,gray91
083,04,2.63333333333333, ,gray91
083,05,2.6, ,gray91
083,06,2.56666666666667, ,gray91
083,07,2.53333333333333, ,gray91
083,08,2.5, ,gray91
083,09,2.46666666666667, ,gray91
083,10,2.43333333333333, ,gray91
083,11,2.4, ,gray91
083,12,2.36666666666667, ,gray91
083,13,2.33333333333333, ,gray91
083,14,2.3, ,gray91
083,15,2.26666666666667, ,gray91
083,16,2.23333333333333, ,gray91
083,17,2.2, ,gray91
083,18,2.16666666666667, ,gray91
083,19,2.13333333333333, ,gray91
083,20,2.1, ,gray91
083,21,2.06666666666667, ,gray91
083,22,2.03333333333333, ,gray91
083,23,2,P,GREEN
083,24,1.96666666666667, ,gray91
083,25,1.93333333333333, ,gray91
083,26,1.9, ,gray91
083,27,1.86666666666667, ,gray91
083,28,1.83333333333333, ,gray91
083,29,1.8, ,gray91
084,00,2.8, ,gray91
084,01,2.76666666666667, ,gray91
084,02,2.73333333333333, ,gray91
084,03,2.7, ,gray91
084,04,2.66666666666667, ,gray91
084,05,2.63333333333333, ,gray91
084,06,2.6, ,gray91
084,07,2.56666666666667, ,gray91
084,08,2.53333333333333, ,gray91
084,09,2.5, ,gray91
084,10,2.46666666666667, ,gray91
084,11,2.43333333333333, ,gray91
084,12,2.4, ,gray91
084,13,2.36666666666667, ,gray91
084,14,2.33333333333333, ,gray91
084,15,2.3, ,gray91
084,16,2.26666666666667, ,gray91
084,17,2.23333333333333, ,gray91
084,18,2.2, ,gray91
084,19,2.16666666666667, ,gray91
084,20,2.13333333333333, ,gray91
084,21,2.1, ,gray91
084,22,2.06666666666667, ,gray91
084,23,2.03333333333333, ,gray91
084,24,2, ,gray91
084,25,1.96666666666667, ,gray91
084,26,1.93333333333333, ,gray91
084,27,1.9, ,gray91
084,28,1.86666666666667, ,gray91
084,29,1.83333333333333, ,gray91
085,00,2.83333333333333, ,gray91
085,01,2.8, ,gray91
085,02,2.76666666666667, ,gray91
085,03,2.73333333333333, ,gray91
085,04,2.7, ,gray91
085,05,2.66666666666667, ,gray91
085,06,2.63333333333333, ,gray91
085,07,2.6, ,gray91
085,08,2.56666666666667, ,gray91
085,09,2.53333333333333, ,gray91
085,10,2.5, ,gray91
085,11,2.46666666666667, ,gray91
085,12,2.43333333333333, ,gray91
085,13,2.4, ,gray91
085,14,2.36666666666667, ,gray91
085,15,2.33333333333333, ,gray91
085,16,2.3, ,gray91
085,17,2.26666666666667, ,gray91
085,18,2.23333333333333, ,gray91
085,19,2.2, ,gray91
085,20,2.16666666666667, ,gray91
085,21,2.13333333333333, ,gray91
085,22,2.1, ,gray91
085,23,2.06666666666667, ,gray91
085,24,2.03333333333333, ,gray91
085,25,2, ,gray91
085,26,1.96666666666667, ,gray91
085,27,1.93333333333333, ,gray91
085,28,1.9, ,gray91
085,29,1.86666666666667, ,gray91
086,00,2.86666666666667, ,gray91
086,01,2.83333333333333, ,gray91
086,02,2.8, ,gray91
086,03,2.76666666666667, ,gray91
086,04,2.73333333333333, ,gray91
086,05,2.7, ,gray91
086,06,2.66666666666667, ,gray91
086,07,2.63333333333333, ,gray91
086,08,2.6, ,gray91
086,09,2.56666666666667, ,gray91
086,10,2.53333333333333, ,gray91
086,11,2.5, ,gray91
086,12,2.46666666666667, ,gray91
086,13,2.43333333333333, ,gray91
086,14,2.4, ,gray91
086,15,2.36666666666667, ,gray91
086,16,2.33333333333333, ,gray91
086,17,2.3, ,gray91
086,18,2.26666666666667, ,gray91
086,19,2.23333333333333, ,gray91
086,20,2.2, ,gray91
086,21,2.16666666666667, ,gray91
086,22,2.13333333333333, ,gray91
086,23,2.1, ,gray91
086,24,2.06666666666667, ,gray91
086,25,2.03333333333333, ,gray91
086,26,2, ,gray91
086,27,1.96666666666667, ,gray91
086,28,1.93333333333333, ,gray91
086,29,1.9, ,gray91
087,00,2.9, ,gray91
087,01,2.86666666666667, ,gray91
087,02,2.83333333333333, ,gray91
087,03,2.8, ,gray91
087,04,2.76666666666667, ,gray91
087,05,2.73333333333333, ,gray91
087,06,2.7, ,gray91
087,07,2.66666666666667, ,gray91
087,08,2.63333333333333, ,gray91
087,09,2.6, ,gray91
087,10,2.56666666666667, ,gray91
087,11,2.53333333333333, ,gray91
087,12,2.5, ,gray91
087,13,2.46666666666667, ,gray91
087,14,2.43333333333333, ,gray91
087,15,2.4, ,gray91
087,16,2.36666666666667, ,gray91
087,17,2.33333333333333, ,gray91
087,18,2.3, ,gray91
087,19,2.26666666666667, ,gray91
087,20,2.23333333333333, ,gray91
087,21,2.2, ,gray91
087,22,2.16666666666667, ,gray91
087,23,2.13333333333333, ,gray91
087,24,2.1, ,gray91
087,25,2.06666666666667, ,gray91
087,26,2.03333333333333, ,gray91
087,27,2, ,gray91
087,28,1.96666666666667, ,gray91
087,29,1.93333333333333, ,gray91
088,00,2.93333333333333, ,gray91
088,01,2.9, ,gray91
088,02,2.86666666666667, ,gray91
088,03,2.83333333333333, ,gray91
088,04,2.8, ,gray91
088,05,2.76666666666667, ,gray91
088,06,2.73333333333333, ,gray91
088,07,2.7, ,gray91
088,08,2.66666666666667, ,gray91
088,09,2.63333333333333, ,gray91
088,10,2.6, ,gray91
088,11,2.56666666666667, ,gray91
088,12,2.53333333333333, ,gray91
088,13,2.5, ,gray91
088,14,2.46666666666667, ,gray91
088,15,2.43333333333333, ,gray91
088,16,2.4, ,gray91
088,17,2.36666666666667, ,gray91
088,18,2.33333333333333, ,gray91
088,19,2.3, ,gray91
088,20,2.26666666666667, ,gray91
088,21,2.23333333333333, ,gray91
088,22,2.2, ,gray91
088,23,2.16666666666667, ,gray91
088,24,2.13333333333333, ,gray91
088,25,2.1, ,gray91
088,26,2.06666666666667, ,gray91
088,27,2.03333333333333, ,gray91
088,28,2, ,gray91
088,29,1.96666666666667, ,gray91
089,00,2.96666666666667, ,gray91
089,01,2.93333333333333, ,gray91
089,02,2.9, ,gray91
089,03,2.86666666666667, ,gray91
089,04,2.83333333333333, ,gray91
089,05,2.8, ,gray91
089,06,2.76666666666667, ,gray91
089,07,2.73333333333333, ,gray91
089,08,2.7, ,gray91
089,09,2.66666666666667, ,gray91
089,10,2.63333333333333, ,gray91
089,11,2.6, ,gray91
089,12,2.56666666666667, ,gray91
089,13,2.53333333333333, ,gray91
089,14,2.5, ,gray91
089,15,2.46666666666667, ,gray91
089,16,2.43333333333333, ,gray91
089,17,2.4, ,gray91
089,18,2.36666666666667, ,gray91
089,19,2.33333333333333, ,gray91
089,20,2.3, ,gray91
089,21,2.26666666666667, ,gray91
089,22,2.23333333333333, ,gray91
089,23,2.2, ,gray91
089,24,2.16666666666667, ,gray91
089,25,2.13333333333333, ,gray91
089,26,2.1, ,gray91
089,27,2.06666666666667, ,gray91
089,28,2.03333333333333, ,gray91
089,29,2,P,BLUE
090,00,3, ,gray91
090,01,2.96666666666667, ,gray91
090,02,2.93333333333333, ,gray91
090,03,2.9, ,gray91
090,04,2.86666666666667, ,gray91
090,05,2.83333333333333, ,gray91
090,06,2.8, ,gray91
090,07,2.76666666666667, ,gray91
090,08,2.73333333333333, ,gray91
090,09,2.7, ,gray91
090,10,2.66666666666667, ,gray91
090,11,2.63333333333333, ,gray91
090,12,2.6, ,gray91
090,13,2.56666666666667, ,gray91
090,14,2.53333333333333, ,gray91
090,15,2.5, ,gray91
090,16,2.46666666666667, ,gray91
090,17,2.43333333333333, ,gray91
090,18,2.4, ,gray91
090,19,2.36666666666667, ,gray91
090,20,2.33333333333333, ,gray91
090,21,2.3, ,gray91
090,22,2.26666666666667, ,gray91
090,23,2.23333333333333, ,gray91
090,24,2.2, ,gray91
090,25,2.16666666666667, ,gray91
090,26,2.13333333333333, ,gray91
090,27,2.1, ,gray91
090,28,2.06666666666667, ,gray91
090,29,2.03333333333333, ,gray91
091,00,3.03333333333333, ,gray91
091,01,3, ,gray91
091,02,2.96666666666667, ,gray91
091,03,2.93333333333333, ,gray91
091,04,2.9, ,gray91
091,05,2.86666666666667, ,gray91
091,06,2.83333333333333, ,gray91
091,07,2.8, ,gray91
091,08,2.76666666666667, ,gray91
091,09,2.73333333333333, ,gray91
091,10,2.7, ,gray91
091,11,2.66666666666667, ,gray91
091,12,2.63333333333333, ,gray91
091,13,2.6, ,gray91
091,14,2.56666666666667, ,gray91
091,15,2.53333333333333, ,gray91
091,16,2.5, ,gray91
091,17,2.46666666666667, ,gray91
091,18,2.43333333333333, ,gray91
091,19,2.4, ,gray91
091,20,2.36666666666667, ,gray91
091,21,2.33333333333333, ,gray91
091,22,2.3, ,gray91
091,23,2.26666666666667, ,gray91
091,24,2.23333333333333, ,gray91
091,25,2.2, ,gray91
091,26,2.16666666666667, ,gray91
091,27,2.13333333333333, ,gray91
091,28,2.1, ,gray91
091,29,2.06666666666667, ,gray91
092,00,3.06666666666667, ,gray91
092,01,3.03333333333333, ,gray91
092,02,3, ,gray91
092,03,2.96666666666667, ,gray91
092,04,2.93333333333333, ,gray91
092,05,2.9, ,gray91
092,06,2.86666666666667, ,gray91
092,07,2.83333333333333, ,gray91
092,08,2.8, ,gray91
092,09,2.76666666666667, ,gray91
092,10,2.73333333333333, ,gray91
092,11,2.7, ,gray91
092,12,2.66666666666667, ,gray91
092,13,2.63333333333333, ,gray91
092,14,2.6, ,gray91
092,15,2.56666666666667, ,gray91
092,16,2.53333333333333, ,gray91
092,17,2.5, ,gray91
092,18,2.46666666666667, ,gray91
092,19,2.43333333333333, ,gray91
092,20,2.4, ,gray91
092,21,2.36666666666667, ,gray91
092,22,2.33333333333333, ,gray91
092,23,2.3, ,gray91
092,24,2.26666666666667, ,gray91
092,25,2.23333333333333, ,gray91
092,26,2.2, ,gray91
092,27,2.16666666666667, ,gray91
092,28,2.13333333333333, ,gray91
092,29,2.1, ,gray91
093,00,3.1, ,gray91
093,01,3.06666666666667, ,gray91
093,02,3.03333333333333, ,gray91
093,03,3, ,gray91
093,04,2.96666666666667, ,gray91
093,05,2.93333333333333, ,gray91
093,06,2.9, ,gray91
093,07,2.86666666666667, ,gray91
093,08,2.83333333333333, ,gray91
093,09,2.8, ,gray91
093,10,2.76666666666667, ,gray91
093,11,2.73333333333333, ,gray91
093,12,2.7, ,gray91
093,13,2.66666666666667, ,gray91
093,14,2.63333333333333, ,gray91
093,15,2.6, ,gray91
093,16,2.56666666666667, ,gray91
093,17,2.53333333333333, ,gray91
093,18,2.5, ,gray91
093,19,2.46666666666667, ,gray91
093,20,2.43333333333333, ,gray91
093,21,2.4, ,gray91
093,22,2.36666666666667, ,gray91
093,23,2.33333333333333, ,gray91
093,24,2.3, ,gray91
093,25,2.26666666666667, ,gray91
093,26,2.23333333333333, ,gray91
093,27,2.2, ,gray91
093,28,2.16666666666667, ,gray91
093,29,2.13333333333333, ,gray91
094,00,3.13333333333333, ,gray91
094,01,3.1, ,gray91
094,02,3.06666666666667, ,gray91
094,03,3.03333333333333, ,gray91
094,04,3, ,gray91
094,05,2.96666666666667, ,gray91
094,06,2.93333333333333, ,gray91
094,07,2.9, ,gray91
094,08,2.86666666666667, ,gray91
094,09,2.83333333333333, ,gray91
094,10,2.8, ,gray91
094,11,2.76666666666667, ,gray91
094,12,2.73333333333333, ,gray91
094,13,2.7, ,gray91
094,14,2.66666666666667, ,gray91
094,15,2.63333333333333, ,gray91
094,16,2.6, ,gray91
094,17,2.56666666666667, ,gray91
094,18,2.53333333333333, ,gray91
094,19,2.5, ,gray91
094,20,2.46666666666667, ,gray91
094,21,2.43333333333333, ,gray91
094,22,2.4, ,gray91
094,23,2.36666666666667, ,gray91
094,24,2.33333333333333, ,gray91
094,25,2.3, ,gray91
094,26,2.26666666666667, ,gray91
094,27,2.23333333333333, ,gray91
094,28,2.2, ,gray91
094,29,2.16666666666667, ,gray91
095,00,3.16666666666667, ,gray91
095,01,3.13333333333333, ,gray91
095,02,3.1, ,gray91
095,03,3.06666666666667, ,gray91
095,04,3.03333333333333, ,gray91
095,05,3, ,gray91
095,06,2.96666666666667, ,gray91
095,07,2.93333333333333, ,gray91
095,08,2.9, ,gray91
095,09,2.86666666666667, ,gray91
095,10,2.83333333333333, ,gray91
095,11,2.8, ,gray91
095,12,2.76666666666667, ,gray91
095,13,2.73333333333333, ,gray91
095,14,2.7, ,gray91
095,15,2.66666666666667, ,gray91
095,16,2.63333333333333, ,gray91
095,17,2.6, ,gray91
095,18,2.56666666666667, ,gray91
095,19,2.53333333333333, ,gray91
095,20,2.5, ,gray91
095,21,2.46666666666667, ,gray91
095,22,2.43333333333333, ,gray91
095,23,2.4, ,gray91
095,24,2.36666666666667, ,gray91
095,25,2.33333333333333, ,gray91
095,26,2.3, ,gray91
095,27,2.26666666666667, ,gray91
095,28,2.23333333333333, ,gray91
095,29,2.2, ,gray91
096,00,3.2, ,gray91
096,01,3.16666666666667, ,gray91
096,02,3.13333333333333, ,gray91
096,03,3.1, ,gray91
096,04,3.06666666666667, ,gray91
096,05,3.03333333333333, ,gray91
096,06,3, ,gray91
096,07,2.96666666666667, ,gray91
096,08,2.93333333333333, ,gray91
096,09,2.9, ,gray91
096,10,2.86666666666667, ,gray91
096,11,2.83333333333333, ,gray91
096,12,2.8, ,gray91
096,13,2.76666666666667, ,gray91
096,14,2.73333333333333, ,gray91
096,15,2.7, ,gray91
096,16,2.66666666666667, ,gray91
096,17,2.63333333333333, ,gray91
096,18,2.6, ,gray91
096,19,2.56666666666667, ,gray91
096,20,2.53333333333333, ,gray91
096,21,2.5, ,gray91
096,22,2.46666666666667, ,gray91
096,23,2.43333333333333, ,gray91
096,24,2.4, ,gray91
096,25,2.36666666666667, ,gray91
096,26,2.33333333333333, ,gray91
096,27,2.3, ,gray91
096,28,2.26666666666667, ,gray91
096,29,2.23333333333333, ,gray91
097,00,3.23333333333333, ,gray91
097,01,3.2, ,gray91
097,02,3.16666666666667, ,gray91
097,03,3.13333333333333, ,gray91
097,04,3.1, ,gray91
097,05,3.06666666666667, ,gray91
097,06,3.03333333333333, ,gray91
097,07,3,P,GREEN
097,08,2.96666666666667, ,gray91
097,09,2.93333333333333, ,gray91
097,10,2.9, ,gray91
097,11,2.86666666666667, ,gray91
097,12,2.83333333333333, ,gray91
097,13,2.8, ,gray91
097,14,2.76666666666667, ,gray91
097,15,2.73333333333333, ,gray91
097,16,2.7, ,gray91
097,17,2.66666666666667, ,gray91
097,18,2.63333333333333, ,gray91
097,19,2.6, ,gray91
097,20,2.56666666666667, ,gray91
097,21,2.53333333333333, ,gray91
097,22,2.5, ,gray91
097,23,2.46666666666667, ,gray91
097,24,2.43333333333333, ,gray91
097,25,2.4, ,gray91
097,26,2.36666666666667, ,gray91
097,27,2.33333333333333, ,gray91
097,28,2.3, ,gray91
097,29,2.26666666666667, ,gray91
098,00,3.26666666666667, ,gray91
098,01,3.23333333333333, ,gray91
098,02,3.2, ,gray91
098,03,3.16666666666667, ,gray91
098,04,3.13333333333333, ,gray91
098,05,3.1, ,gray91
098,06,3.06666666666667, ,gray91
098,07,3.03333333333333, ,gray91
098,08,3, ,gray91
098,09,2.96666666666667, ,gray91
098,10,2.93333333333333, ,gray91
098,11,2.9, ,gray91
098,12,2.86666666666667, ,gray91
098,13,2.83333333333333, ,gray91
098,14,2.8, ,gray91
098,15,2.76666666666667, ,gray91
098,16,2.73333333333333, ,gray91
098,17,2.7, ,gray91
098,18,2.66666666666667, ,gray91
098,19,2.63333333333333, ,gray91
098,20,2.6, ,gray91
098,21,2.56666666666667, ,gray91
098,22,2.53333333333333, ,gray91
098,23,2.5, ,gray91
098,24,2.46666666666667, ,gray91
098,25,2.43333333333333, ,gray91
098,26,2.4, ,gray91
098,27,2.36666666666667, ,gray91
098,28,2.33333333333333, ,gray91
098,29,2.3, ,gray91
099,00,3.3, ,gray91
099,01,3.26666666666667, ,gray91
099,02,3.23333333333333, ,gray91
099,03,3.2, ,gray91
099,04,3.16666666666667, ,gray91
099,05,3.13333333333333, ,gray91
099,06,3.1, ,gray91
099,07,3.06666666666667, ,gray91
099,08,3.03333333333333, ,gray91
099,09,3, ,gray91
099,10,2.96666666666667, ,gray91
099,11,2.93333333333333, ,gray91
099,12,2.9, ,gray91
099,13,2.86666666666667, ,gray91
099,14,2.83333333333333, ,gray91
099,15,2.8, ,gray91
099,16,2.76666666666667, ,gray91
099,17,2.73333333333333, ,gray91
099,18,2.7, ,gray91
099,19,2.66666666666667, ,gray91
099,20,2.63333333333333, ,gray91
099,21,2.6, ,gray91
099,22,2.56666666666667, ,gray91
099,23,2.53333333333333, ,gray91
099,24,2.5, ,gray91
099,25,2.46666666666667, ,gray91
099,26,2.43333333333333, ,gray91
099,27,2.4, ,gray91
099,28,2.36666666666667, ,gray91
099,29,2.33333333333333, ,gray91
100,00,3.33333333333333, ,gray91
100,01,3.3, ,gray91
100,02,3.26666666666667, ,gray91
100,03,3.23333333333333, ,gray91
100,04,3.2, ,gray91
100,05,3.16666666666667, ,gray91
100,06,3.13333333333333, ,gray91
100,07,3.1, ,gray91
100,08,3.06666666666667, ,gray91
100,09,3.03333333333333, ,gray91
100,10,3, ,gray91
100,11,2.96666666666667, ,gray91
100,12,2.93333333333333, ,gray91
100,13,2.9, ,gray91
100,14,2.86666666666667, ,gray91
100,15,2.83333333333333, ,gray91
100,16,2.8, ,gray91
100,17,2.76666666666667, ,gray91
100,18,2.73333333333333, ,gray91
100,19,2.7, ,gray91
100,20,2.66666666666667, ,gray91
100,21,2.63333333333333, ,gray91
100,22,2.6, ,gray91
100,23,2.56666666666667, ,gray91
100,24,2.53333333333333, ,gray91
100,25,2.5, ,gray91
100,26,2.46666666666667, ,gray91
100,27,2.43333333333333, ,gray91
100,28,2.4, ,gray91
100,29,2.36666666666667, ,gray91
101,00,3.36666666666667, ,gray91
101,01,3.33333333333333, ,gray91
101,02,3.3, ,gray91
101,03,3.26666666666667, ,gray91
101,04,3.23333333333333, ,gray91
101,05,3.2, ,gray91
101,06,3.16666666666667, ,gray91
101,07,3.13333333333333, ,gray91
101,08,3.1, ,gray91
101,09,3.06666666666667, ,gray91
101,10,3.03333333333333, ,gray91
101,11,3,P,RED
101,12,2.96666666666667, ,gray91
101,13,2.93333333333333, ,gray91
101,14,2.9, ,gray91
101,15,2.86666666666667, ,gray91
101,16,2.83333333333333, ,gray91
101,17,2.8, ,gray91
101,18,2.76666666666667, ,gray91
101,19,2.73333333333333, ,gray91
101,20,2.7, ,gray91
101,21,2.66666666666667, ,gray91
101,22,2.63333333333333, ,gray91
101,23,2.6, ,gray91
101,24,2.56666666666667, ,gray91
101,25,2.53333333333333, ,gray91
101,26,2.5, ,gray91
101,27,2.46666666666667, ,gray91
101,28,2.43333333333333, ,gray91
101,29,2.4, ,gray91
102,00,3.4, ,gray91
102,01,3.36666666666667, ,gray91
102,02,3.33333333333333, ,gray91
102,03,3.3, ,gray91
102,04,3.26666666666667, ,gray91
102,05,3.23333333333333, ,gray91
102,06,3.2, ,gray91
102,07,3.16666666666667, ,gray91
102,08,3.13333333333333, ,gray91
102,09,3.1, ,gray91
102,10,3.06666666666667, ,gray91
102,11,3.03333333333333, ,gray91
102,12,3, ,gray91
102,13,2.96666666666667, ,gray91
102,14,2.93333333333333, ,gray91
102,15,2.9, ,gray91
102,16,2.86666666666667, ,gray91
102,17,2.83333333333333, ,gray91
102,18,2.8, ,gray91
102,19,2.76666666666667, ,gray91
102,20,2.73333333333333, ,gray91
102,21,2.7, ,gray91
102,22,2.66666666666667, ,gray91
102,23,2.63333333333333, ,gray91
102,24,2.6, ,gray91
102,25,2.56666666666667, ,gray91
102,26,2.53333333333333, ,gray91
102,27,2.5, ,gray91
102,28,2.46666666666667, ,gray91
102,29,2.43333333333333, ,gray91
103,00,3.43333333333333, ,gray91
103,01,3.4, ,gray91
103,02,3.36666666666667, ,gray91
103,03,3.33333333333333, ,gray91
103,04,3.3, ,gray91
103,05,3.26666666666667, ,gray91
103,06,3.23333333333333, ,gray91
103,07,3.2, ,gray91
103,08,3.16666666666667, ,gray91
103,09,3.13333333333333, ,gray91
103,10,3.1, ,gray91
103,11,3.06666666666667, ,gray91
103,12,3.03333333333333, ,gray91
103,13,3,P,GOLD
103,14,2.96666666666667, ,gray91
103,15,2.93333333333333, ,gray91
103,16,2.9, ,gray91
103,17,2.86666666666667, ,gray91
103,18,2.83333333333333, ,gray91
103,19,2.8, ,gray91
103,20,2.76666666666667, ,gray91
103,21,2.73333333333333, ,gray91
103,22,2.7, ,gray91
103,23,2.66666666666667, ,gray91
103,24,2.63333333333333, ,gray91
103,25,2.6, ,gray91
103,26,2.56666666666667, ,gray91
103,27,2.53333333333333, ,gray91
103,28,2.5, ,gray91
103,29,2.46666666666667, ,gray91
104,00,3.46666666666667, ,gray91
104,01,3.43333333333333, ,gray91
104,02,3.4, ,gray91
104,03,3.36666666666667, ,gray91
104,04,3.33333333333333, ,gray91
104,05,3.3, ,gray91
104,06,3.26666666666667, ,gray91
104,07,3.23333333333333, ,gray91
104,08,3.2, ,gray91
104,09,3.16666666666667, ,gray91
104,10,3.13333333333333, ,gray91
104,11,3.1, ,gray91
104,12,3.06666666666667, ,gray91
104,13,3.03333333333333, ,gray91
104,14,3, ,gray91
104,15,2.96666666666667, ,gray91
104,16,2.93333333333333, ,gray91
104,17,2.9, ,gray91
104,18,2.86666666666667, ,gray91
104,19,2.83333333333333, ,gray91
104,20,2.8, ,gray91
104,21,2.76666666666667, ,gray91
104,22,2.73333333333333, ,gray91
104,23,2.7, ,gray91
104,24,2.66666666666667, ,gray91
104,25,2.63333333333333, ,gray91
104,26,2.6, ,gray91
104,27,2.56666666666667, ,gray91
104,28,2.53333333333333, ,gray91
104,29,2.5, ,gray91
105,00,3.5, ,gray91
105,01,3.46666666666667, ,gray91
105,02,3.43333333333333, ,gray91
105,03,3.4, ,gray91
105,04,3.36666666666667, ,gray91
105,05,3.33333333333333, ,gray91
105,06,3.3, ,gray91
105,07,3.26666666666667, ,gray91
105,08,3.23333333333333, ,gray91
105,09,3.2, ,gray91
105,10,3.16666666666667, ,gray91
105,11,3.13333333333333, ,gray91
105,12,3.1, ,gray91
105,13,3.06666666666667, ,gray91
105,14,3.03333333333333, ,gray91
105,15,3, ,gray91
105,16,2.96666666666667, ,gray91
105,17,2.93333333333333, ,gray91
105,18,2.9, ,gray91
105,19,2.86666666666667, ,gray91
105,20,2.83333333333333, ,gray91
105,21,2.8, ,gray91
105,22,2.76666666666667, ,gray91
105,23,2.73333333333333, ,gray91
105,24,2.7, ,gray91
105,25,2.66666666666667, ,gray91
105,26,2.63333333333333, ,gray91
105,27,2.6, ,gray91
105,28,2.56666666666667, ,gray91
105,29,2.53333333333333, ,gray91
106,00,3.53333333333333, ,gray91
106,01,3.5, ,gray91
106,02,3.46666666666667, ,gray91
106,03,3.43333333333333, ,gray91
106,04,3.4, ,gray91
106,05,3.36666666666667, ,gray91
106,06,3.33333333333333, ,gray91
106,07,3.3, ,gray91
106,08,3.26666666666667, ,gray91
106,09,3.23333333333333, ,gray91
106,10,3.2, ,gray91
106,11,3.16666666666667, ,gray91
106,12,3.13333333333333, ,gray91
106,13,3.1, ,gray91
106,14,3.06666666666667, ,gray91
106,15,3.03333333333333, ,gray91
106,16,3, ,gray91
106,17,2.96666666666667, ,gray91
106,18,2.93333333333333, ,gray91
106,19,2.9, ,gray91
106,20,2.86666666666667, ,gray91
106,21,2.83333333333333, ,gray91
106,22,2.8, ,gray91
106,23,2.76666666666667, ,gray91
106,24,2.73333333333333, ,gray91
106,25,2.7, ,gray91
106,26,2.66666666666667, ,gray91
106,27,2.63333333333333, ,gray91
106,28,2.6, ,gray91
106,29,2.56666666666667, ,gray91
107,00,3.56666666666667, ,gray91
107,01,3.53333333333333, ,gray91
107,02,3.5, ,gray91
107,03,3.46666666666667, ,gray91
107,04,3.43333333333333, ,gray91
107,05,3.4, ,gray91
107,06,3.36666666666667, ,gray91
107,07,3.33333333333333, ,gray91
107,08,3.3, ,gray91
107,09,3.26666666666667, ,gray91
107,10,3.23333333333333, ,gray91
107,11,3.2, ,gray91
107,12,3.16666666666667, ,gray91
107,13,3.13333333333333, ,gray91
107,14,3.1, ,gray91
107,15,3.06666666666667, ,gray91
107,16,3.03333333333333, ,gray91
107,17,3,P,GOLD
107,18,2.96666666666667, ,gray91
107,19,2.93333333333333, ,gray91
107,20,2.9, ,gray91
107,21,2.86666666666667, ,gray91
107,22,2.83333333333333, ,gray91
107,23,2.8, ,gray91
107,24,2.76666666666667, ,gray91
107,25,2.73333333333333, ,gray91
107,26,2.7, ,gray91
107,27,2.66666666666667, ,gray91
107,28,2.63333333333333, ,gray91
107,29,2.6, ,gray91
108,00,3.6, ,gray91
108,01,3.56666666666667, ,gray91
108,02,3.53333333333333, ,gray91
108,03,3.5, ,gray91
108,04,3.46666666666667, ,gray91
108,05,3.43333333333333, ,gray91
108,06,3.4, ,gray91
108,07,3.36666666666667, ,gray91
108,08,3.33333333333333, ,gray91
108,09,3.3, ,gray91
108,10,3.26666666666667, ,gray91
108,11,3.23333333333333, ,gray91
108,12,3.2, ,gray91
108,13,3.16666666666667, ,gray91
108,14,3.13333333333333, ,gray91
108,15,3.1, ,gray91
108,16,3.06666666666667, ,gray91
108,17,3.03333333333333, ,gray91
108,18,3, ,gray91
108,19,2.96666666666667, ,gray91
108,20,2.93333333333333, ,gray91
108,21,2.9, ,gray91
108,22,2.86666666666667, ,gray91
108,23,2.83333333333333, ,gray91
108,24,2.8, ,gray91
108,25,2.76666666666667, ,gray91
108,26,2.73333333333333, ,gray91
108,27,2.7, ,gray91
108,28,2.66666666666667, ,gray91
108,29,2.63333333333333, ,gray91
109,00,3.63333333333333, ,gray91
109,01,3.6, ,gray91
109,02,3.56666666666667, ,gray91
109,03,3.53333333333333, ,gray91
109,04,3.5, ,gray91
109,05,3.46666666666667, ,gray91
109,06,3.43333333333333, ,gray91
109,07,3.4, ,gray91
109,08,3.36666666666667, ,gray91
109,09,3.33333333333333, ,gray91
109,10,3.3, ,gray91
109,11,3.26666666666667, ,gray91
109,12,3.23333333333333, ,gray91
109,13,3.2, ,gray91
109,14,3.16666666666667, ,gray91
109,15,3.13333333333333, ,gray91
109,16,3.1, ,gray91
109,17,3.06666666666667, ,gray91
109,18,3.03333333333333, ,gray91
109,19,3,P,RED
109,20,2.96666666666667, ,gray91
109,21,2.93333333333333, ,gray91
109,22,2.9, ,gray91
109,23,2.86666666666667, ,gray91
109,24,2.83333333333333, ,gray91
109,25,2.8, ,gray91
109,26,2.76666666666667, ,gray91
109,27,2.73333333333333, ,gray91
109,28,2.7, ,gray91
109,29,2.66666666666667, ,gray91
110,00,3.66666666666667, ,gray91
110,01,3.63333333333333, ,gray91
110,02,3.6, ,gray91
110,03,3.56666666666667, ,gray91
110,04,3.53333333333333, ,gray91
110,05,3.5, ,gray91
110,06,3.46666666666667, ,gray91
110,07,3.43333333333333, ,gray91
110,08,3.4, ,gray91
110,09,3.36666666666667, ,gray91
110,10,3.33333333333333, ,gray91
110,11,3.3, ,gray91
110,12,3.26666666666667, ,gray91
110,13,3.23333333333333, ,gray91
110,14,3.2, ,gray91
110,15,3.16666666666667, ,gray91
110,16,3.13333333333333, ,gray91
110,17,3.1, ,gray91
110,18,3.06666666666667, ,gray91
110,19,3.03333333333333, ,gray91
110,20,3, ,gray91
110,21,2.96666666666667, ,gray91
110,22,2.93333333333333, ,gray91
110,23,2.9, ,gray91
110,24,2.86666666666667, ,gray91
110,25,2.83333333333333, ,gray91
110,26,2.8, ,gray91
110,27,2.76666666666667, ,gray91
110,28,2.73333333333333, ,gray91
110,29,2.7, ,gray91
111,00,3.7, ,gray91
111,01,3.66666666666667, ,gray91
111,02,3.63333333333333, ,gray91
111,03,3.6, ,gray91
111,04,3.56666666666667, ,gray91
111,05,3.53333333333333, ,gray91
111,06,3.5, ,gray91
111,07,3.46666666666667, ,gray91
111,08,3.43333333333333, ,gray91
111,09,3.4, ,gray91
111,10,3.36666666666667, ,gray91
111,11,3.33333333333333, ,gray91
111,12,3.3, ,gray91
111,13,3.26666666666667, ,gray91
111,14,3.23333333333333, ,gray91
111,15,3.2, ,gray91
111,16,3.16666666666667, ,gray91
111,17,3.13333333333333, ,gray91
111,18,3.1, ,gray91
111,19,3.06666666666667, ,gray91
111,20,3.03333333333333, ,gray91
111,21,3, ,gray91
111,22,2.96666666666667, ,gray91
111,23,2.93333333333333, ,gray91
111,24,2.9, ,gray91
111,25,2.86666666666667, ,gray91
111,26,2.83333333333333, ,gray91
111,27,2.8, ,gray91
111,28,2.76666666666667, ,gray91
111,29,2.73333333333333, ,gray91
112,00,3.73333333333333, ,gray91
112,01,3.7, ,gray91
112,02,3.66666666666667, ,gray91
112,03,3.63333333333333, ,gray91
112,04,3.6, ,gray91
112,05,3.56666666666667, ,gray91
112,06,3.53333333333333, ,gray91
112,07,3.5, ,gray91
112,08,3.46666666666667, ,gray91
112,09,3.43333333333333, ,gray91
112,10,3.4, ,gray91
112,11,3.36666666666667, ,gray91
112,12,3.33333333333333, ,gray91
112,13,3.3, ,gray91
112,14,3.26666666666667, ,gray91
112,15,3.23333333333333, ,gray91
112,16,3.2, ,gray91
112,17,3.16666666666667, ,gray91
112,18,3.13333333333333, ,gray91
112,19,3.1, ,gray91
112,20,3.06666666666667, ,gray91
112,21,3.03333333333333, ,gray91
112,22,3, ,gray91
112,23,2.96666666666667, ,gray91
112,24,2.93333333333333, ,gray91
112,25,2.9, ,gray91
112,26,2.86666666666667, ,gray91
112,27,2.83333333333333, ,gray91
112,28,2.8, ,gray91
112,29,2.76666666666667, ,gray91
113,00,3.76666666666667, ,gray91
113,01,3.73333333333333, ,gray91
113,02,3.7, ,gray91
113,03,3.66666666666667, ,gray91
113,04,3.63333333333333, ,gray91
113,05,3.6, ,gray91
113,06,3.56666666666667, ,gray91
113,07,3.53333333333333, ,gray91
113,08,3.5, ,gray91
113,09,3.46666666666667, ,gray91
113,10,3.43333333333333, ,gray91
113,11,3.4, ,gray91
113,12,3.36666666666667, ,gray91
113,13,3.33333333333333, ,gray91
113,14,3.3, ,gray91
113,15,3.26666666666667, ,gray91
113,16,3.23333333333333, ,gray91
113,17,3.2, ,gray91
113,18,3.16666666666667, ,gray91
113,19,3.13333333333333, ,gray91
113,20,3.1, ,gray91
113,21,3.06666666666667, ,gray91
113,22,3.03333333333333, ,gray91
113,23,3,P,GREEN
113,24,2.96666666666667, ,gray91
113,25,2.93333333333333, ,gray91
113,26,2.9, ,gray91
113,27,2.86666666666667, ,gray91
113,28,2.83333333333333, ,gray91
113,29,2.8, ,gray91
114,00,3.8, ,gray91
114,01,3.76666666666667, ,gray91
114,02,3.73333333333333, ,gray91
114,03,3.7, ,gray91
114,04,3.66666666666667, ,gray91
114,05,3.63333333333333, ,gray91
114,06,3.6, ,gray91
114,07,3.56666666666667, ,gray91
114,08,3.53333333333333, ,gray91
114,09,3.5, ,gray91
114,10,3.46666666666667, ,gray91
114,11,3.43333333333333, ,gray91
114,12,3.4, ,gray91
114,13,3.36666666666667, ,gray91
114,14,3.33333333333333, ,gray91
114,15,3.3, ,gray91
114,16,3.26666666666667, ,gray91
114,17,3.23333333333333, ,gray91
114,18,3.2, ,gray91
114,19,3.16666666666667, ,gray91
114,20,3.13333333333333, ,gray91
114,21,3.1, ,gray91
114,22,3.06666666666667, ,gray91
114,23,3.03333333333333, ,gray91
114,24,3, ,gray91
114,25,2.96666666666667, ,gray91
114,26,2.93333333333333, ,gray91
114,27,2.9, ,gray91
114,28,2.86666666666667, ,gray91
114,29,2.83333333333333, ,gray91
115,00,3.83333333333333, ,gray91
115,01,3.8, ,gray91
115,02,3.76666666666667, ,gray91
115,03,3.73333333333333, ,gray91
115,04,3.7, ,gray91
115,05,3.66666666666667, ,gray91
115,06,3.63333333333333, ,gray91
115,07,3.6, ,gray91
115,08,3.56666666666667, ,gray91
115,09,3.53333333333333, ,gray91
115,10,3.5, ,gray91
115,11,3.46666666666667, ,gray91
115,12,3.43333333333333, ,gray91
115,13,3.4, ,gray91
115,14,3.36666666666667, ,gray91
115,15,3.33333333333333, ,gray91
115,16,3.3, ,gray91
115,17,3.26666666666667, ,gray91
115,18,3.23333333333333, ,gray91
115,19,3.2, ,gray91
115,20,3.16666666666667, ,gray91
115,21,3.13333333333333, ,gray91
115,22,3.1, ,gray91
115,23,3.06666666666667, ,gray91
115,24,3.03333333333333, ,gray91
115,25,3, ,gray91
115,26,2.96666666666667, ,gray91
115,27,2.93333333333333, ,gray91
115,28,2.9, ,gray91
115,29,2.86666666666667, ,gray91
116,00,3.86666666666667, ,gray91
116,01,3.83333333333333, ,gray91
116,02,3.8, ,gray91
116,03,3.76666666666667, ,gray91
116,04,3.73333333333333, ,gray91
116,05,3.7, ,gray91
116,06,3.66666666666667, ,gray91
116,07,3.63333333333333, ,gray91
116,08,3.6, ,gray91
116,09,3.56666666666667, ,gray91
116,10,3.53333333333333, ,gray91
116,11,3.5, ,gray91
116,12,3.46666666666667, ,gray91
116,13,3.43333333333333, ,gray91
116,14,3.4, ,gray91
116,15,3.36666666666667, ,gray91
116,16,3.33333333333333, ,gray91
116,17,3.3, ,gray91
116,18,3.26666666666667, ,gray91
116,19,3.23333333333333, ,gray91
116,20,3.2, ,gray91
116,21,3.16666666666667, ,gray91
116,22,3.13333333333333, ,gray91
116,23,3.1, ,gray91
116,24,3.06666666666667, ,gray91
116,25,3.03333333333333, ,gray91
116,26,3, ,gray91
116,27,2.96666666666667, ,gray91
116,28,2.93333333333333, ,gray91
116,29,2.9, ,gray91
117,00,3.9, ,gray91
117,01,3.86666666666667, ,gray91
117,02,3.83333333333333, ,gray91
117,03,3.8, ,gray91
117,04,3.76666666666667, ,gray91
117,05,3.73333333333333, ,gray91
117,06,3.7, ,gray91
117,07,3.66666666666667, ,gray91
117,08,3.63333333333333, ,gray91
117,09,3.6, ,gray91
117,10,3.56666666666667, ,gray91
117,11,3.53333333333333, ,gray91
117,12,3.5, ,gray91
117,13,3.46666666666667, ,gray91
117,14,3.43333333333333, ,gray91
117,15,3.4, ,gray91
117,16,3.36666666666667, ,gray91
117,17,3.33333333333333, ,gray91
117,18,3.3, ,gray91
117,19,3.26666666666667, ,gray91
117,20,3.23333333333333, ,gray91
117,21,3.2, ,gray91
117,22,3.16666666666667, ,gray91
117,23,3.13333333333333, ,gray91
117,24,3.1, ,gray91
117,25,3.06666666666667, ,gray91
117,26,3.03333333333333, ,gray91
117,27,3, ,gray91
117,28,2.96666666666667, ,gray91
117,29,2.93333333333333, ,gray91
118,00,3.93333333333333, ,gray91
118,01,3.9, ,gray91
118,02,3.86666666666667, ,gray91
118,03,3.83333333333333, ,gray91
118,04,3.8, ,gray91
118,05,3.76666666666667, ,gray91
118,06,3.73333333333333, ,gray91
118,07,3.7, ,gray91
118,08,3.66666666666667, ,gray91
118,09,3.63333333333333, ,gray91
118,10,3.6, ,gray91
118,11,3.56666666666667, ,gray91
118,12,3.53333333333333, ,gray91
118,13,3.5, ,gray91
118,14,3.46666666666667, ,gray91
118,15,3.43333333333333, ,gray91
118,16,3.4, ,gray91
118,17,3.36666666666667, ,gray91
118,18,3.33333333333333, ,gray91
118,19,3.3, ,gray91
118,20,3.26666666666667, ,gray91
118,21,3.23333333333333, ,gray91
118,22,3.2, ,gray91
118,23,3.16666666666667, ,gray91
118,24,3.13333333333333, ,gray91
118,25,3.1, ,gray91
118,26,3.06666666666667, ,gray91
118,27,3.03333333333333, ,gray91
118,28,3, ,gray91
118,29,2.96666666666667, ,gray91
119,00,3.96666666666667, ,gray91
119,01,3.93333333333333, ,gray91
119,02,3.9, ,gray91
119,03,3.86666666666667, ,gray91
119,04,3.83333333333333, ,gray91
119,05,3.8, ,gray91
119,06,3.76666666666667, ,gray91
119,07,3.73333333333333, ,gray91
119,08,3.7, ,gray91
119,09,3.66666666666667, ,gray91
119,10,3.63333333333333, ,gray91
119,11,3.6, ,gray91
119,12,3.56666666666667, ,gray91
119,13,3.53333333333333, ,gray91
119,14,3.5, ,gray91
119,15,3.46666666666667, ,gray91
119,16,3.43333333333333, ,gray91
119,17,3.4, ,gray91
119,18,3.36666666666667, ,gray91
119,19,3.33333333333333, ,gray91
119,20,3.3, ,gray91
119,21,3.26666666666667, ,gray91
119,22,3.23333333333333, ,gray91
119,23,3.2, ,gray91
119,24,3.16666666666667, ,gray91
119,25,3.13333333333333, ,gray91
119,26,3.1, ,gray91
119,27,3.06666666666667, ,gray91
119,28,3.03333333333333, ,gray91
119,29,3, ,gray91
