#x      #y      #z      #c      #comment Prime
01      00      0       4       #     13
01      02      26      4       #     13
01      03      09      1       #     13
01      04      22      4       #     13
01      05      05      4       #     13
01      06      18      4       #     13
01      08      14      4       #     13
01      09      27      4       #     13
01      10      10      4       #     13
01      12      06      4       #     13
01      14      02      4       #     13
01      15      15      4       #     13
01      16      28      4       #     13
01      18      24      4       #     13
01      20      20      4       #     13
01      21      03      4       #     13
01      22      16      4       #     13
01      24      12      4       #     13
01      25      25      4       #     13
01      26      08      4       #     13
01      27      21      1       #     13
01      28      04      4       #     13
#x      #y      #z      #c      #comment Prime
01      00      0       4       #    17
01      02      04      4       #    17
01      03      21      4       #    17
01      04      08      4       #    17
01      05      25      4       #    17
01      06      12      4       #    17
01      08      16      4       #    17
01      09      03      4       #    17
01      10      20      4       #    17
01      12      24      4       #    17
01      14      28      4       #    17
01      15      15      4       #    17
01      16      02      4       #    17
01      18      06      4       #    17
01      20      10      4       #    17
01      21      27      4       #    17
01      22      14      4       #    17
01      24      18      4       #    17
01      25      05      4       #    17
01      26      22      4       #    17
01      27      09      4       #    17
01      28      26      4       #    17
