#x      #y      #z      #c      #comment Prime
01      00      00      3       #      19
01      02      08      3       #      19
01      03      27      3       #      19
01      04      16      3       #      19
01      05      05      3       #      19
01      06      24      3       #      19
01      08      02      3       #      19
01      09      21      3       #      19
01      10      10      3       #      19
01      12      18      3       #      19
01      14      26      3       #      19
01      15      15      3       #      19
01      16      04      3       #      19
01      18      12      3       #      19
01      20      20      3       #      19
01      21      09      3       #      19
01      22      28      3       #      19
01      24      06      3       #      19
01      25      25      3       #      19
01      26      14      3       #      19
01      27      03      3       #      19
01      28      22      3       #      19
