#x      #y      #z      #c      #comment Prime
00      00      00      0       #
00      01      00      0       #P
00      02      00      0       #P
00      03      00      0       #P
00      04      00      0       #
00      05      00      0       #P
00      06      00      0       #
00      07      00      0       #P
00      08      00      0       #
00      09      00      0       #
00      10      00      0       #
00      11      00      0       #P
00      12      00      0       #
00      13      00      0       #P
00      14      00      0       #
00      15      00      0       #
00      16      00      0       #
00      17      00      0       #P
00      18      00      0       #
00      19      00      0       #P
00      20      00      0       #
00      21      00      0       #
00      22      00      0       #
00      23      00      0       #P
00      24      00      0       #
00      25      00      0       #
00      26      00      0       #
00      27      00      0       #P
00      28      00      0       #
00      29      00      0       #P
#x      #y      #z      #c      #comment Prime
00      30      00      0       0
00      31      00      0       #P
00      32      00      0       #
00      33      00      0       #
00      34      00      0       #
00      35      00      0       #
00      36      00      0       #
00      37      00      0       #P
00      38      00      0       #
00      39      00      0       #
00      40      00      0       #
00      41      00      0       #P
00      42      00      0       #
00      43      00      0       #P
00      44      00      0       #
00      45      00      0       #
00      46      00      0       #
00      47      00      0       #P
00      48      00      0       #
00      49      00      0       #
00      50      00      0       #
00      51      00      0       #
00      52      00      0       #
00      53      00      0       #P
00      54      00      0       #
00      55      00      0       #
00      56      00      0       #
00      57      00      0       #
00      58      00      0       #
00      59      00      0       #P
#x      #y      #z      #c      #comment Prime
00      60      00      0       #
00      61      00      0       #P
00      62      00      0       #
00      63      00      0       #
00      64      00      0       #
00      65      00      0       #
00      66      00      0       #
00      67      00      0       #P
00      68      00      0       #
00      69      00      0       #
00      70      00      0       #
00      71      00      0       #P
00      72      00      0       #
00      73      00      0       #
00      74      00      0       #
00      75      00      0       #
00      76      00      0       #
00      77      00      0       #
00      78      00      0       #
00      79      00      0       #P
00      80      00      0       #
00      81      00      0       #
00      82      00      0       #
00      83      00      0       #P
00      84      00      0       #
00      85      00      0       #
00      86      00      0       #
00      87      00      0       #
00      88      00      0       #
00      89      00      0       #P
#x      #y      #z      #c      #comment Prime
02      00      00      0       #
02      02      04      0       #
02      03      06      0       #
02      04      08      0       #
02      05      10      0       #
02      06      12      0       #
02      08      16      0       #
02      09      18      0       #
02      10      20      0       #
02      12      24      0       #
02      14      28      0       #
02      15      00      0       #
02      16      02      0       #
02      18      06      0       #
02      20      10      0       #
02      21      12      0       #
02      22      14      0       #
02      24      18      0       #
02      25      20      0       #
02      26      22      0       #
02      28      26      0       #
#x      #y      #z      #c      #comment Prime
02      30      00      0       0
02      32      04      0       #
02      33      06      0       #
02      34      08      0       #
02      35      10      0       #
02      36      12      0       #
02      38      16      0       #
02      39      18      0       #
02      40      20      0       #
02      42      24      0       #
02      44      28      0       #
02      45      00      0       #
02      46      02      0       #
02      48      06      0       #
02      49      08      0       #
02      50      10      0       #
02      51      12      0       #
02      52      14      0       #
02      54      18      0       #
02      55      20      0       #
02      56      22      0       #
02      57      24      0       #
02      58      26      0       #
#x      #y      #z      #c      #comment Prime
02      60      00      0       #
02      62      04      0       #
02      63      06      0       #
02      64      08      0       #
02      65      10      0       #
02      66      12      0       #
02      68      16      0       #
02      69      18      0       #
02      70      20      0       #
02      72      24      0       #
02      73      26      0       #
02      74      28      0       #
02      75      00      0       #
02      76      02      0       #
02      77      04      0       #
02      78      06      0       #
02      80      10      0       #
02      81      12      0       #
02      82      14      0       #
02      84      18      0       #
02      85      20      0       #
02      86      22      0       #
02      87      24      0       #
02      88      26      0       #
#x      #y      #z      #c      #comment Prime
03      00      00      0       #
03      02      06      0       #
03      03      09      0       #
03      04      12      0       #
03      05      15      0       #
03      06      18      0       #
03      08      24      0       #
03      09      27      0       #
03      10      00      0       #
03      12      06      0       #
03      14      12      0       #
03      15      15      0       #
03      16      18      0       #
03      18      24      0       #
03      20      00      0       #
03      21      03      0       #
03      22      06      0       #
03      24      12      0       #
03      25      15      0       #
03      26      18      0       #
03      28      24      0       #
#x      #y      #z      #c      #comment Prime
03      30      00      0       0
03      32      06      0       #
03      33      09      0       #
03      34      12      0       #
03      35      15      0       #
03      36      18      0       #
03      38      24      0       #
03      39      27      0       #
03      40      00      0       #
03      42      06      0       #
03      44      12      0       #
03      45      15      0       #
03      46      18      0       #
03      48      24      0       #
03      49      27      0       #
03      50      00      0       #
03      51      03      0       #
03      52      06      0       #
03      54      12      0       #
03      55      15      0       #
03      56      18      0       #
03      57      21      0       #
03      58      24      0       #
#x      #y      #z      #c      #comment Prime
03      60      00      0       #
03      62      06      0       #
03      63      09      0       #
03      64      12      0       #
03      65      15      0       #
03      66      18      0       #
03      68      24      0       #
03      69      27      0       #
03      70      00      0       #
03      72      06      0       #
03      73      09      0       #
03      74      12      0       #
03      75      15      0       #
03      76      18      0       #
03      77      21      0       #
03      78      24      0       #
03      80      00      0       #
03      81      03      0       #
03      82      06      0       #
03      84      12      0       #
03      85      15      0       #
03      86      18      0       #
03      87      21      0       #
03      88      24      0       #
#x      #y      #z      #c      #comment Prime
04      00      00      0       #
04      02      08      0       #
04      03      12      0       #
04      04      16      0       #
04      05      20      0       #
04      06      24      0       #
04      08      02      0       #
04      09      06      0       #
04      10      10      0       #
04      12      18      0       #
04      14      26      0       #
04      15      00      0       #
04      16      04      0       #
04      18      12      0       #
04      20      20      0       #
04      21      24      0       #
04      22      28      0       #
04      24      06      0       #
04      25      10      0       #
04      26      14      0       #
04      28      22      0       #
#x      #y      #z      #c      #comment Prime
04      30      00      0       0
04      32      08      0       #
04      33      12      0       #
04      34      16      0       #
04      35      20      0       #
04      36      24      0       #
04      38      02      0       #
04      39      06      0       #
04      40      10      0       #
04      42      18      0       #
04      44      26      0       #
04      45      00      0       #
04      46      04      0       #
04      48      12      0       #
04      49      16      0       #
04      50      20      0       #
04      51      24      0       #
04      52      28      0       #
04      54      06      0       #
04      55      10      0       #
04      56      14      0       #
04      57      18      0       #
04      58      22      0       #
#x      #y      #z      #c      #comment Prime
04      60      00      0       #
04      62      08      0       #
04      63      12      0       #
04      64      16      0       #
04      65      20      0       #
04      66      24      0       #
04      68      02      0       #
04      69      06      0       #
04      70      10      0       #
04      72      18      0       #
04      73      22      0       #
04      74      26      0       #
04      75      00      0       #
04      76      04      0       #
04      77      08      0       #
04      78      12      0       #
04      80      20      0       #
04      81      24      0       #
04      82      28      0       #
04      84      06      0       #
04      85      10      0       #
04      86      14      0       #
04      87      18      0       #
04      88      22      0       #
#x      #y      #z      #c      #comment Prime
05      00      00      0       #
05      01      05      0       #P
05      02      10      0       #P
05      03      15      0       #P
05      04      20      0       #
05      05      25      0       #P
05      06      0       0       #
05      07      05      0       #P
05      08      10      0       #
05      09      15      0       #
05      10      20      0       #
05      11      25      0       #P
05      12      0       0       #
05      13      05      0       #P
05      14      10      0       #
05      15      15      0       #
05      16      20      0       #
05      17      25      0       #P
05      18      0       0       #
05      19      05      0       #P
05      20      10      0       #
05      21      15      0       #
05      22      20      0       #
05      23      25      0       #P
05      24      0       0       #
05      25      05      0       #
05      26      10      0       #
05      27      15      0       #P
05      28      20      0       #
05      29      25      0       #P
#x      #y      #z      #c      #comment Prime
05      30      00      0       0
05      31      05      0       #P
05      32      10      0       #
05      33      15      0       #
05      34      20      0       #
05      35      25      0       #
05      36      0       0       #
05      37      05      0       #P
05      38      10      0       #
05      39      15      0       #
05      40      20      0       #
05      41      25      0       #P
05      42      0       0       #
05      43      05      0       #P
05      44      10      0       #
05      45      15      0       #
05      46      20      0       #
05      47      25      0       #P
05      48      0       0       #
05      49      05      0       #
05      50      10      0       #
05      51      15      0       #
05      52      20      0       #
05      53      25      0       #P
05      54      0       0       #
05      55      05      0       #
05      56      10      0       #
05      57      15      0       #
05      58      20      0       #
05      59      25      0       #P
#x      #y      #z      #c      #comment Prime
05      60      0       0       #
05      61      05      0       #P
05      62      10      0       #
05      63      15      0       #
05      64      20      0       #
05      65      25      0       #
05      66      0       0       #
05      67      05      0       #P
05      68      10      0       #
05      69      15      0       #
05      70      20      0       #
05      71      25      0       #P
05      72      0       0       #
05      73      05      0       #
05      74      10      0       #
05      75      15      0       #
05      76      20      0       #
05      77      25      0       #
05      78      0       0       #
05      79      05      0       #P
05      80      10      0       #
05      81      15      0       #
05      82      20      0       #
05      83      25      0       #P
05      84      0       0       #
05      85      05      0       #
05      86      10      0       #
05      87      15      0       #
05      88      20      0       #
05      89      25      0       #P
#x      #y      #z      #c      #comment Prime
06      00      00      0       #
06      01      06      0       #P
06      02      12      0       #P
06      03      18      0       #P
06      04      24      0       #
06      05      00      0       #P
06      06      06      0       #
06      07      12      0       #P
06      08      18      0       #
06      09      24      0       #
06      10      0       0       #
06      11      06      0       #P
06      12      12      0       #
06      13      18      0       #P
06      14      24      0       #
06      15      0       0       #
06      16      06      0       #
06      17      12      0       #P
06      18      18      0       #
06      19      24      0       #P
06      20      0       0       #
06      21      06      0       #
06      22      12      0       #
06      23      18      0       #P
06      24      24      0       #
06      25      0       0       #
06      26      06      0       #
06      27      12      0       #P
06      28      18      0       #
06      29      24      0       #P
#x      #y      #z      #c      #comment Prime
06      30      00      0       0
06      31      06      0       #P
06      32      12      0       #
06      33      18      0       #
06      34      24      0       #
06      35      0       0       #
06      36      06      0       #
06      37      12      0       #P
06      38      18      0       #
06      39      24      0       #
06      40      0       0       #
06      41      06      0       #P
06      42      12      0       #
06      43      18      0       #P
06      44      24      0       #
06      45      0       0       #
06      46      06      0       #
06      47      12      0       #P
06      48      18      0       #
06      49      24      0       #
06      50      0       0       #
06      51      06      0       #
06      52      12      0       #
06      53      18      0       #P
06      54      24      0       #
06      55      0       0       #
06      56      06      0       #
06      57      12      0       #
06      58      18      0       #
06      59      24      0       #P
#x      #y      #z      #c      #comment Prime
06      60      0       0       #
06      61      06      0       #P
06      62      12      0       #
06      63      18      0       #
06      64      24      0       #
06      65      0       0       #
06      66      06      0       #
06      67      12      0       #P
06      68      18      0       #
06      69      24      0       #
06      70      0       0       #
06      71      06      0       #P
06      72      12      0       #
06      73      18      0       #
06      74      24      0       #
06      75      0       0       #
06      76      06      0       #
06      77      12      0       #
06      78      18      0       #
06      79      24      0       #P
06      80      0       0       #
06      81      06      0       #
06      82      12      0       #
06      83      18      0       #P
06      84      24      0       #
06      85      0       0       #
06      86      06      0       #
06      87      12      0       #
06      88      18      0       #
06      89      24      0       #P
#x      #y      #z      #c      #comment Prime
08      00      00      0       #
08      01      08      0       #P
08      02      16      0       #P
08      03      24      0       #P
08      04      02      0       #
08      05      10      0       #P
08      06      18      0       #
08      07      26      0       #P
08      08      04      0       #
08      09      12      0       #
08      10      20      0       #
08      11      28      0       #P
08      12      06      0       #
08      13      14      0       #P
08      14      22      0       #
08      15      0       0       #
08      16      08      0       #
08      17      16      0       #P
08      18      24      0       #
08      19      02      0       #P
08      20      10      0       #
08      21      18      0       #
08      22      26      0       #
08      23      04      0       #P
08      24      12      0       #
08      25      20      0       #
08      26      28      0       #
08      27      06      0       #P
08      28      14      0       #
08      29      22      0       #P
#x      #y      #z      #c      #comment Prime
08      30      00      0       0
08      31      08      0       #P
08      32      16      0       #
08      33      24      0       #
08      34      02      0       #
08      35      10      0       #
08      36      18      0       #
08      37      26      0       #P
08      38      04      0       #
08      39      12      0       #
08      40      20      0       #
08      41      28      0       #P
08      42      06      0       #
08      43      14      0       #P
08      44      22      0       #
08      45      0       0       #
08      46      08      0       #
08      47      16      0       #P
08      48      24      0       #
08      49      02      0       #
08      50      10      0       #
08      51      18      0       #
08      52      26      0       #
08      53      04      0       #P
08      54      12      0       #
08      55      20      0       #
08      56      28      0       #
08      57      06      0       #
08      58      14      0       #
08      59      22      0       #P
#x      #y      #z      #c      #comment Prime
08      60      0       0       #
08      61      08      0       #P
08      62      16      0       #
08      63      24      0       #
08      64      02      0       #
08      65      10      0       #
08      66      18      0       #
08      67      26      0       #P
08      68      04      0       #
08      69      12      0       #
08      70      20      0       #
08      71      28      0       #P
08      72      06      0       #
08      73      14      0       #
08      74      22      0       #
08      75      0       0       #
08      76      08      0       #
08      77      16      0       #
08      78      24      0       #
08      79      02      0       #P
08      80      10      0       #
08      81      18      0       #
08      82      26      0       #
08      83      04      0       #P
08      84      12      0       #
08      85      20      0       #
08      86      28      0       #
08      87      06      0       #
08      88      14      0       #
08      89      22      0       #P
#x      #y      #z      #c      #comment Prime
09      00      00      0       #
09      01      09      0       #P
09      02      18      0       #P
09      03      27      0       #P
09      04      06      0       #
09      05      15      0       #P
09      06      24      0       #
09      07      03      0       #P
09      08      12      0       #
09      09      21      0       #
09      10      0       0       #
09      11      09      0       #P
09      12      18      0       #
09      13      27      0       #P
09      14      06      0       #
09      15      15      0       #
09      16      24      0       #
09      17      03      0       #P
09      18      12      0       #
09      19      21      0       #P
09      20      0       0       #
09      21      09      0       #
09      22      18      0       #
09      23      27      0       #P
09      24      06      0       #
09      25      15      0       #
09      26      24      0       #
09      27      03      0       #P
09      28      12      0       #
09      29      21      0       #P
#x      #y      #z      #c      #comment Prime
09      30      00      0       0
09      31      09      0       #P
09      32      18      0       #
09      33      27      0       #
09      34      06      0       #
09      35      15      0       #
09      36      24      0       #
09      37      03      0       #P
09      38      12      0       #
09      39      21      0       #
09      40      0       0       #
09      41      09      0       #P
09      42      18      0       #
09      43      27      0       #P
09      44      06      0       #
09      45      15      0       #
09      46      24      0       #
09      47      03      0       #P
09      48      12      0       #
09      49      21      0       #
09      50      0       0       #
09      51      09      0       #
09      52      18      0       #
09      53      27      0       #P
09      54      06      0       #
09      55      15      0       #
09      56      24      0       #
09      57      03      0       #
09      58      12      0       #
09      59      21      0       #P
#x      #y      #z      #c      #comment Prime
09      60      0       0       #
09      61      09      0       #P
09      62      18      0       #
09      63      27      0       #
09      64      06      0       #
09      65      15      0       #
09      66      24      0       #
09      67      03      0       #P
09      68      12      0       #
09      69      21      0       #
09      70      0       0       #
09      71      09      0       #P
09      72      18      0       #
09      73      27      0       #
09      74      06      0       #
09      75      15      0       #
09      76      24      0       #
09      77      03      0       #
09      78      12      0       #
09      79      21      0       #P
09      80      0       0       #
09      81      09      0       #
09      82      18      0       #
09      83      27      0       #P
09      84      06      0       #
09      85      15      0       #
09      86      24      0       #
09      87      03      0       #
09      88      12      0       #
09      89      21      0       #P
#x      #y      #z      #c      #comment Prime
10      00      00      0       #
10      01      10      0       #P
10      02      20      0       #P
10      03      00      0       #P
10      04      10      0       #
10      05      20      0       #P
10      06      0       0       #
10      07      10      0       #P
10      08      20      0       #
10      09      0       0       #
10      10      10      0       #
10      11      20      0       #P
10      12      0       0       #
10      13      10      0       #P
10      14      20      0       #
10      15      0       0       #
10      16      10      0       #
10      17      20      0       #P
10      18      0       0       #
10      19      10      0       #P
10      20      20      0       #
10      21      0       0       #
10      22      10      0       #
10      23      20      0       #P
10      24      0       0       #
10      25      10      0       #
10      26      20      0       #
10      27      0       0       #P
10      28      10      0       #
10      29      20      0       #P
#x      #y      #z      #c      #comment Prime
10      30      00      0       0
10      31      10      0       #P
10      32      20      0       #
10      33      0       0       #
10      34      10      0       #
10      35      20      0       #
10      36      0       0       #
10      37      10      0       #P
10      38      20      0       #
10      39      0       0       #
10      40      10      0       #
10      41      20      0       #P
10      42      0       0       #
10      43      10      0       #P
10      44      20      0       #
10      45      0       0       #
10      46      10      0       #
10      47      20      0       #P
10      48      0       0       #
10      49      10      0       #
10      50      20      0       #
10      51      0       0       #
10      52      10      0       #
10      53      20      0       #P
10      54      0       0       #
10      55      10      0       #
10      56      20      0       #
10      57      0       0       #
10      58      10      0       #
10      59      20      0       #P
#x      #y      #z      #c      #comment Prime
10      60      0       0       #
10      61      10      0       #P
10      62      20      0       #
10      63      0       0       #
10      64      10      0       #
10      65      20      0       #
10      66      0       0       #
10      67      10      0       #P
10      68      20      0       #
10      69      0       0       #
10      70      10      0       #
10      71      20      0       #P
10      72      0       0       #
10      73      10      0       #
10      74      20      0       #
10      75      0       0       #
10      76      10      0       #
10      77      20      0       #
10      78      0       0       #
10      79      10      0       #P
10      80      20      0       #
10      81      0       0       #
10      82      10      0       #
10      83      20      0       #P
10      84      0       0       #
10      85      10      0       #
10      86      20      0       #
10      87      0       0       #
10      88      10      0       #
10      89      20      0       #P
#x      #y      #z      #c      #comment Prime
12      00      00      0       #
12      01      12      0       #P
12      02      24      0       #P
12      03      06      0       #P
12      04      18      0       #
12      05      00      0       #P
12      06      12      0       #
12      07      24      0       #P
12      08      06      0       #
12      09      18      0       #
12      10      0       0       #
12      11      12      0       #P
12      12      24      0       #
12      13      06      0       #P
12      14      18      0       #
12      15      0       0       #
12      16      12      0       #
12      17      24      0       #P
12      18      06      0       #
12      19      18      0       #P
12      20      0       0       #
12      21      12      0       #
12      22      24      0       #
12      23      06      0       #P
12      24      18      0       #
12      25      0       0       #
12      26      12      0       #
12      27      24      0       #P
12      28      06      0       #
12      29      18      0       #P
#x      #y      #z      #c      #comment Prime
12      30      00      0       0
12      31      12      0       #P
12      32      24      0       #
12      33      06      0       #
12      34      18      0       #
12      35      0       0       #
12      36      12      0       #
12      37      24      0       #P
12      38      06      0       #
12      39      18      0       #
12      40      0       0       #
12      41      12      0       #P
12      42      24      0       #
12      43      06      0       #P
12      44      18      0       #
12      45      0       0       #
12      46      12      0       #
12      47      24      0       #P
12      48      06      0       #
12      49      18      0       #
12      50      0       0       #
12      51      12      0       #
12      52      24      0       #
12      53      06      0       #P
12      54      18      0       #
12      55      0       0       #
12      56      12      0       #
12      57      24      0       #
12      58      06      0       #
12      59      18      0       #P
#x      #y      #z      #c      #comment Prime
12      60      0       0       #
12      61      12      0       #P
12      62      24      0       #
12      63      06      0       #
12      64      18      0       #
12      65      0       0       #
12      66      12      0       #
12      67      24      0       #P
12      68      06      0       #
12      69      18      0       #
12      70      0       0       #
12      71      12      0       #P
12      72      24      0       #
12      73      06      0       #
12      74      18      0       #
12      75      0       0       #
12      76      12      0       #
12      77      24      0       #
12      78      06      0       #
12      79      18      0       #P
12      80      0       0       #
12      81      12      0       #
12      82      24      0       #
12      83      06      0       #P
12      84      18      0       #
12      85      0       0       #
12      86      12      0       #
12      87      24      0       #
12      88      06      0       #
12      89      18      0       #P
#x      #y      #z      #c      #comment Prime
14      00      00      0       #
14      01      14      0       #P
14      02      28      0       #P
14      03      12      0       #P
14      04      26      0       #
14      05      10      0       #P
14      06      24      0       #
14      07      08      0       #P
14      08      22      0       #
14      09      06      0       #
14      10      20      0       #
14      11      04      0       #P
14      12      18      0       #
14      13      02      0       #P
14      14      16      0       #
14      15      0       0       #
14      16      14      0       #
14      17      28      0       #P
14      18      12      0       #
14      19      26      0       #P
14      20      10      0       #
14      21      24      0       #
14      22      08      0       #
14      23      22      0       #P
14      24      06      0       #
14      25      20      0       #
14      26      04      0       #
14      27      18      0       #P
14      28      02      0       #
14      29      16      0       #P
#x      #y      #z      #c      #comment Prime
14      30      00      0       0
14      31      14      0       #P
14      32      28      0       #
14      33      12      0       #
14      34      26      0       #
14      35      10      0       #
14      36      24      0       #
14      37      08      0       #P
14      38      22      0       #
14      39      06      0       #
14      40      20      0       #
14      41      04      0       #P
14      42      18      0       #
14      43      02      0       #P
14      44      16      0       #
14      45      0       0       #
14      46      14      0       #
14      47      28      0       #P
14      48      12      0       #
14      49      26      0       #
14      50      10      0       #
14      51      24      0       #
14      52      08      0       #
14      53      22      0       #P
14      54      06      0       #
14      55      20      0       #
14      56      04      0       #
14      57      18      0       #
14      58      02      0       #
14      59      16      0       #P
#x      #y      #z      #c      #comment Prime
14      60      0       0       #
14      61      14      0       #P
14      62      28      0       #
14      63      12      0       #
14      64      26      0       #
14      65      10      0       #
14      66      24      0       #
14      67      08      0       #P
14      68      22      0       #
14      69      06      0       #
14      70      20      0       #
14      71      04      0       #P
14      72      18      0       #
14      73      02      0       #
14      74      16      0       #
14      75      0       0       #
14      76      14      0       #
14      77      28      0       #
14      78      12      0       #
14      79      26      0       #P
14      80      10      0       #
14      81      24      0       #
14      82      08      0       #
14      83      22      0       #P
14      84      06      0       #
14      85      20      0       #
14      86      04      0       #
14      87      18      0       #
14      88      02      0       #
14      89      16      0       #P
#x      #y      #z      #c      #comment Prime
15      00      00      0       #
15      01      15      0       #P
15      02      00      0       #P
15      03      15      0       #P
15      04      00      0       #
15      05      15      0       #P
15      06      0       0       #
15      07      15      0       #P
15      08      0       0       #
15      09      15      0       #
15      10      0       0       #
15      11      15      0       #P
15      12      0       0       #
15      13      15      0       #P
15      14      0       0       #
15      15      15      0       #
15      16      0       0       #
15      17      15      0       #P
15      18      0       0       #
15      19      15      0       #P
15      20      0       0       #
15      21      15      0       #
15      22      0       0       #
15      23      15      0       #P
15      24      0       0       #
15      25      15      0       #
15      26      0       0       #
15      27      15      0       #P
15      28      0       0       #
15      29      15      0       #P
#x      #y      #z      #c      #comment Prime
15      30      00      0       0
15      31      15      0       #P
15      32      0       0       #
15      33      15      0       #
15      34      0       0       #
15      35      15      0       #
15      36      0       0       #
15      37      15      0       #P
15      38      0       0       #
15      39      15      0       #
15      40      0       0       #
15      41      15      0       #P
15      42      0       0       #
15      43      15      0       #P
15      44      0       0       #
15      45      15      0       #
15      46      0       0       #
15      47      15      0       #P
15      48      0       0       #
15      49      15      0       #
15      50      0       0       #
15      51      15      0       #
15      52      0       0       #
15      53      15      0       #P
15      54      0       0       #
15      55      15      0       #
15      56      0       0       #
15      57      15      0       #
15      58      0       0       #
15      59      15      0       #P
#x      #y      #z      #c      #comment Prime
15      60      0       0       #
15      61      15      0       #P
15      62      0       0       #
15      63      15      0       #
15      64      0       0       #
15      65      15      0       #
15      66      0       0       #
15      67      15      0       #P
15      68      0       0       #
15      69      15      0       #
15      70      0       0       #
15      71      15      0       #P
15      72      0       0       #
15      73      15      0       #
15      74      0       0       #
15      75      15      0       #
15      76      0       0       #
15      77      15      0       #
15      78      0       0       #
15      79      15      0       #P
15      80      0       0       #
15      81      15      0       #
15      82      0       0       #
15      83      15      0       #P
15      84      0       0       #
15      85      15      0       #
15      86      0       0       #
15      87      15      0       #
15      88      0       0       #
15      89      15      0       #P
#x      #y      #z      #c      #comment Prime
16      00      00      0       #
16      01      16      0       #P
16      02      02      0       #P
16      03      18      0       #P
16      04      04      0       #
16      05      20      0       #P
16      06      06      0       #
16      07      22      0       #P
16      08      08      0       #
16      09      24      0       #
16      10      10      0       #
16      11      26      0       #P
16      12      12      0       #
16      13      28      0       #P
16      14      14      0       #
16      15      0       0       #
16      16      16      0       #
16      17      02      0       #P
16      18      18      0       #
16      19      04      0       #P
16      20      20      0       #
16      21      06      0       #
16      22      22      0       #
16      23      08      0       #P
16      24      24      0       #
16      25      10      0       #
16      26      26      0       #
16      27      12      0       #P
16      28      28      0       #
16      29      14      0       #P
#x      #y      #z      #c      #comment Prime
16      30      00      0       0
16      31      16      0       #P
16      32      02      0       #
16      33      18      0       #
16      34      04      0       #
16      35      20      0       #
16      36      06      0       #
16      37      22      0       #P
16      38      08      0       #
16      39      24      0       #
16      40      10      0       #
16      41      26      0       #P
16      42      12      0       #
16      43      28      0       #P
16      44      14      0       #
16      45      0       0       #
16      46      16      0       #
16      47      02      0       #P
16      48      18      0       #
16      49      04      0       #
16      50      20      0       #
16      51      06      0       #
16      52      22      0       #
16      53      08      0       #P
16      54      24      0       #
16      55      10      0       #
16      56      26      0       #
16      57      12      0       #
16      58      28      0       #
16      59      14      0       #P
#x      #y      #z      #c      #comment Prime
16      60      0       0       #
16      61      16      0       #P
16      62      02      0       #
16      63      18      0       #
16      64      04      0       #
16      65      20      0       #
16      66      06      0       #
16      67      22      0       #P
16      68      08      0       #
16      69      24      0       #
16      70      10      0       #
16      71      26      0       #P
16      72      12      0       #
16      73      28      0       #
16      74      14      0       #
16      75      0       0       #
16      76      16      0       #
16      77      02      0       #
16      78      18      0       #
16      79      04      0       #P
16      80      20      0       #
16      81      06      0       #
16      82      22      0       #
16      83      08      0       #P
16      84      24      0       #
16      85      10      0       #
16      86      26      0       #
16      87      12      0       #
16      88      28      0       #
16      89      14      0       #P
#x      #y      #z      #c      #comment Prime
18      00      00      0       #
18      01      18      0       #P
18      02      06      0       #P
18      03      24      0       #P
18      04      12      0       #
18      05      00      0       #P
18      06      18      0       #
18      07      06      0       #P
18      08      24      0       #
18      09      12      0       #
18      10      0       0       #
18      11      18      0       #P
18      12      06      0       #
18      13      24      0       #P
18      14      12      0       #
18      15      0       0       #
18      16      18      0       #
18      17      06      0       #P
18      18      24      0       #
18      19      12      0       #P
18      20      0       0       #
18      21      18      0       #
18      22      06      0       #
18      23      24      0       #P
18      24      12      0       #
18      25      0       0       #
18      26      18      0       #
18      27      06      0       #P
18      28      24      0       #
18      29      12      0       #P
#x      #y      #z      #c      #comment Prime
18      30      00      0       0
18      31      18      0       #P
18      32      06      0       #
18      33      24      0       #
18      34      12      0       #
18      35      0       0       #
18      36      18      0       #
18      37      06      0       #P
18      38      24      0       #
18      39      12      0       #
18      40      0       0       #
18      41      18      0       #P
18      42      06      0       #
18      43      24      0       #P
18      44      12      0       #
18      45      0       0       #
18      46      18      0       #
18      47      06      0       #P
18      48      24      0       #
18      49      12      0       #
18      50      0       0       #
18      51      18      0       #
18      52      06      0       #
18      53      24      0       #P
18      54      12      0       #
18      55      0       0       #
18      56      18      0       #
18      57      06      0       #
18      58      24      0       #
18      59      12      0       #P
#x      #y      #z      #c      #comment Prime
18      60      0       0       #
18      61      18      0       #P
18      62      06      0       #
18      63      24      0       #
18      64      12      0       #
18      65      0       0       #
18      66      18      0       #
18      67      06      0       #P
18      68      24      0       #
18      69      12      0       #
18      70      0       0       #
18      71      18      0       #P
18      72      06      0       #
18      73      24      0       #
18      74      12      0       #
18      75      0       0       #
18      76      18      0       #
18      77      06      0       #
18      78      24      0       #
18      79      12      0       #P
18      80      0       0       #
18      81      18      0       #
18      82      06      0       #
18      83      24      0       #P
18      84      12      0       #
18      85      0       0       #
18      86      18      0       #
18      87      06      0       #
18      88      24      0       #
18      89      12      0       #P
#x      #y      #z      #c      #comment Prime
20      00      00      0       #
20      01      20      0       #P
20      02      10      0       #P
20      03      00      0       #P
20      04      20      0       #
20      05      10      0       #P
20      06      0       0       #
20      07      20      0       #P
20      08      10      0       #
20      09      0       0       #
20      10      20      0       #
20      11      10      0       #P
20      12      0       0       #
20      13      20      0       #P
20      14      10      0       #
20      15      0       0       #
20      16      20      0       #
20      17      10      0       #P
20      18      0       0       #
20      19      20      0       #P
20      20      10      0       #
20      21      0       0       #
20      22      20      0       #
20      23      10      0       #P
20      24      0       0       #
20      25      20      0       #
20      26      10      0       #
20      27      0       0       #P
20      28      20      0       #
20      29      10      0       #P
#x      #y      #z      #c      #comment Prime
20      30      00      0       0
20      31      20      0       #P
20      32      10      0       #
20      33      0       0       #
20      34      20      0       #
20      35      10      0       #
20      36      0       0       #
20      37      20      0       #P
20      38      10      0       #
20      39      0       0       #
20      40      20      0       #
20      41      10      0       #P
20      42      0       0       #
20      43      20      0       #P
20      44      10      0       #
20      45      0       0       #
20      46      20      0       #
20      47      10      0       #P
20      48      0       0       #
20      49      20      0       #
20      50      10      0       #
20      51      0       0       #
20      52      20      0       #
20      53      10      0       #P
20      54      0       0       #
20      55      20      0       #
20      56      10      0       #
20      57      0       0       #
20      58      20      0       #
20      59      10      0       #P
#x      #y      #z      #c      #comment Prime
20      60      0       0       #
20      61      20      0       #P
20      62      10      0       #
20      63      0       0       #
20      64      20      0       #
20      65      10      0       #
20      66      0       0       #
20      67      20      0       #P
20      68      10      0       #
20      69      0       0       #
20      70      20      0       #
20      71      10      0       #P
20      72      0       0       #
20      73      20      0       #
20      74      10      0       #
20      75      0       0       #
20      76      20      0       #
20      77      10      0       #
20      78      0       0       #
20      79      20      0       #P
20      80      10      0       #
20      81      0       0       #
20      82      20      0       #
20      83      10      0       #P
20      84      0       0       #
20      85      20      0       #
20      86      10      0       #
20      87      0       0       #
20      88      20      0       #
20      89      10      0       #P
#x      #y      #z      #c      #comment Prime
21      00      00      0       #
21      01      21      0       #P
21      02      12      0       #P
21      03      03      0       #P
21      04      24      0       #
21      05      15      0       #P
21      06      06      0       #
21      07      27      0       #P
21      08      18      0       #
21      09      09      0       #
21      10      0       0       #
21      11      21      0       #P
21      12      12      0       #
21      13      03      0       #P
21      14      24      0       #
21      15      15      0       #
21      16      06      0       #
21      17      27      0       #P
21      18      18      0       #
21      19      09      0       #P
21      20      0       0       #
21      21      21      0       #
21      22      12      0       #
21      23      03      0       #P
21      24      24      0       #
21      25      15      0       #
21      26      06      0       #
21      27      27      0       #P
21      28      18      0       #
21      29      09      0       #P
#x      #y      #z      #c      #comment Prime
21      30      00      0       0
21      31      21      0       #P
21      32      12      0       #
21      33      03      0       #
21      34      24      0       #
21      35      15      0       #
21      36      06      0       #
21      37      27      0       #P
21      38      18      0       #
21      39      09      0       #
21      40      0       0       #
21      41      21      0       #P
21      42      12      0       #
21      43      03      0       #P
21      44      24      0       #
21      45      15      0       #
21      46      06      0       #
21      47      27      0       #P
21      48      18      0       #
21      49      09      0       #
21      50      0       0       #
21      51      21      0       #
21      52      12      0       #
21      53      03      0       #P
21      54      24      0       #
21      55      15      0       #
21      56      06      0       #
21      57      27      0       #
21      58      18      0       #
21      59      09      0       #P
#x      #y      #z      #c      #comment Prime
21      60      0       0       #
21      61      21      0       #P
21      62      12      0       #
21      63      03      0       #
21      64      24      0       #
21      65      15      0       #
21      66      06      0       #
21      67      27      0       #P
21      68      18      0       #
21      69      09      0       #
21      70      0       0       #
21      71      21      0       #P
21      72      12      0       #
21      73      03      0       #
21      74      24      0       #
21      75      15      0       #
21      76      06      0       #
21      77      27      0       #
21      78      18      0       #
21      79      09      0       #P
21      80      0       0       #
21      81      21      0       #
21      82      12      0       #
21      83      03      0       #P
21      84      24      0       #
21      85      15      0       #
21      86      06      0       #
21      87      27      0       #
21      88      18      0       #
21      89      09      0       #P
#x      #y      #z      #c      #comment Prime
22      00      00      0       #
22      01      22      0       #P
22      02      14      0       #P
22      03      06      0       #P
22      04      28      0       #
22      05      20      0       #P
22      06      12      0       #
22      07      04      0       #P
22      08      26      0       #
22      09      18      0       #
22      10      10      0       #
22      11      02      0       #P
22      12      24      0       #
22      13      16      0       #P
22      14      08      0       #
22      15      0       0       #
22      16      22      0       #
22      17      14      0       #P
22      18      06      0       #
22      19      28      0       #P
22      20      20      0       #
22      21      12      0       #
22      22      04      0       #
22      23      26      0       #P
22      24      18      0       #
22      25      10      0       #
22      26      02      0       #
22      27      24      0       #P
22      28      16      0       #
22      29      08      0       #P
#x      #y      #z      #c      #comment Prime
22      30      00      0       0
22      31      22      0       #P
22      32      14      0       #
22      33      06      0       #
22      34      28      0       #
22      35      20      0       #
22      36      12      0       #
22      37      04      0       #P
22      38      26      0       #
22      39      18      0       #
22      40      10      0       #
22      41      02      0       #P
22      42      24      0       #
22      43      16      0       #P
22      44      08      0       #
22      45      0       0       #
22      46      22      0       #
22      47      14      0       #P
22      48      06      0       #
22      49      28      0       #
22      50      20      0       #
22      51      12      0       #
22      52      04      0       #
22      53      26      0       #P
22      54      18      0       #
22      55      10      0       #
22      56      02      0       #
22      57      24      0       #
22      58      16      0       #
22      59      08      0       #P
#x      #y      #z      #c      #comment Prime
22      60      0       0       #
22      61      22      0       #P
22      62      14      0       #
22      63      06      0       #
22      64      28      0       #
22      65      20      0       #
22      66      12      0       #
22      67      04      0       #P
22      68      26      0       #
22      69      18      0       #
22      70      10      0       #
22      71      02      0       #P
22      72      24      0       #
22      73      16      0       #
22      74      08      0       #
22      75      0       0       #
22      76      22      0       #
22      77      14      0       #
22      78      06      0       #
22      79      28      0       #P
22      80      20      0       #
22      81      12      0       #
22      82      04      0       #
22      83      26      0       #P
22      84      18      0       #
22      85      10      0       #
22      86      02      0       #
22      87      24      0       #
22      88      16      0       #
22      89      08      0       #P
#x      #y      #z      #c      #comment Prime
24      00      00      0       #
24      01      24      0       #P
24      02      18      0       #P
24      03      12      0       #P
24      04      06      0       #
24      05      00      0       #P
24      06      24      0       #
24      07      18      0       #P
24      08      12      0       #
24      09      06      0       #
24      10      0       0       #
24      11      24      0       #P
24      12      18      0       #
24      13      12      0       #P
24      14      06      0       #
24      15      0       0       #
24      16      24      0       #
24      17      18      0       #P
24      18      12      0       #
24      19      06      0       #P
24      20      0       0       #
24      21      24      0       #
24      22      18      0       #
24      23      12      0       #P
24      24      06      0       #
24      25      0       0       #
24      26      24      0       #
24      27      18      0       #P
24      28      12      0       #
24      29      06      0       #P
#x      #y      #z      #c      #comment Prime
24      30      00      0       0
24      31      24      0       #P
24      32      18      0       #
24      33      12      0       #
24      34      06      0       #
24      35      0       0       #
24      36      24      0       #
24      37      18      0       #P
24      38      12      0       #
24      39      06      0       #
24      40      0       0       #
24      41      24      0       #P
24      42      18      0       #
24      43      12      0       #P
24      44      06      0       #
24      45      0       0       #
24      46      24      0       #
24      47      18      0       #P
24      48      12      0       #
24      49      06      0       #
24      50      0       0       #
24      51      24      0       #
24      52      18      0       #
24      53      12      0       #P
24      54      06      0       #
24      55      0       0       #
24      56      24      0       #
24      57      18      0       #
24      58      12      0       #
24      59      06      0       #P
#x      #y      #z      #c      #comment Prime
24      60      0       0       #
24      61      24      0       #P
24      62      18      0       #
24      63      12      0       #
24      64      06      0       #
24      65      0       0       #
24      66      24      0       #
24      67      18      0       #P
24      68      12      0       #
24      69      06      0       #
24      70      0       0       #
24      71      24      0       #P
24      72      18      0       #
24      73      12      0       #
24      74      06      0       #
24      75      0       0       #
24      76      24      0       #
24      77      18      0       #
24      78      12      0       #
24      79      06      0       #P
24      80      0       0       #
24      81      24      0       #
24      82      18      0       #
24      83      12      0       #P
24      84      06      0       #
24      85      0       0       #
24      86      24      0       #
24      87      18      0       #
24      88      12      0       #
24      89      06      0       #P
#x      #y      #z      #c      #comment Prime
25      00      00      0       #
25      01      25      0       #P
25      02      20      0       #P
25      03      15      0       #P
25      04      10      0       #
25      05      05      0       #P
25      06      0       0       #
25      07      25      0       #P
25      08      20      0       #
25      09      15      0       #
25      10      10      0       #
25      11      05      0       #P
25      12      0       0       #
25      13      25      0       #P
25      14      20      0       #
25      15      15      0       #
25      16      10      0       #
25      17      05      0       #P
25      18      0       0       #
25      19      25      0       #P
25      20      20      0       #
25      21      15      0       #
25      22      10      0       #
25      23      05      0       #P
25      24      0       0       #
25      25      25      0       #
25      26      20      0       #
25      27      15      0       #P
25      28      10      0       #
25      29      05      0       #P
#x      #y      #z      #c      #comment Prime
25      30      00      0       0
25      31      25      0       #P
25      32      20      0       #
25      33      15      0       #
25      34      10      0       #
25      35      05      0       #
25      36      0       0       #
25      37      25      0       #P
25      38      20      0       #
25      39      15      0       #
25      40      10      0       #
25      41      05      0       #P
25      42      0       0       #
25      43      25      0       #P
25      44      20      0       #
25      45      15      0       #
25      46      10      0       #
25      47      05      0       #P
25      48      0       0       #
25      49      25      0       #
25      50      20      0       #
25      51      15      0       #
25      52      10      0       #
25      53      05      0       #P
25      54      0       0       #
25      55      25      0       #
25      56      20      0       #
25      57      15      0       #
25      58      10      0       #
25      59      05      0       #P
#x      #y      #z      #c      #comment Prime
25      60      0       0       #
25      61      25      0       #P
25      62      20      0       #
25      63      15      0       #
25      64      10      0       #
25      65      05      0       #
25      66      0       0       #
25      67      25      0       #P
25      68      20      0       #
25      69      15      0       #
25      70      10      0       #
25      71      05      0       #P
25      72      0       0       #
25      73      25      0       #
25      74      20      0       #
25      75      15      0       #
25      76      10      0       #
25      77      05      0       #
25      78      0       0       #
25      79      25      0       #P
25      80      20      0       #
25      81      15      0       #
25      82      10      0       #
25      83      05      0       #P
25      84      0       0       #
25      85      25      0       #
25      86      20      0       #
25      87      15      0       #
25      88      10      0       #
25      89      05      0       #P
#x      #y      #z      #c      #comment Prime
26      00      00      0       #
26      01      26      0       #P
26      02      22      0       #P
26      03      18      0       #P
26      04      14      0       #
26      05      10      0       #P
26      06      06      0       #
26      07      02      0       #P
26      08      28      0       #
26      09      24      0       #
26      10      20      0       #
26      11      16      0       #P
26      12      12      0       #
26      13      08      0       #P
26      14      04      0       #
26      15      0       0       #
26      16      26      0       #
26      17      22      0       #P
26      18      18      0       #
26      19      14      0       #P
26      20      10      0       #
26      21      06      0       #
26      22      02      0       #
26      23      28      0       #P
26      24      24      0       #
26      25      20      0       #
26      26      16      0       #
26      27      12      0       #P
26      28      08      0       #
26      29      04      0       #P
#x      #y      #z      #c      #comment Prime
26      30      00      0       0
26      31      26      0       #P
26      32      22      0       #
26      33      18      0       #
26      34      14      0       #
26      35      10      0       #
26      36      06      0       #
26      37      02      0       #P
26      38      28      0       #
26      39      24      0       #
26      40      20      0       #
26      41      16      0       #P
26      42      12      0       #
26      43      08      0       #P
26      44      04      0       #
26      45      0       0       #
26      46      26      0       #
26      47      22      0       #P
26      48      18      0       #
26      49      14      0       #
26      50      10      0       #
26      51      06      0       #
26      52      02      0       #
26      53      28      0       #P
26      54      24      0       #
26      55      20      0       #
26      56      16      0       #
26      57      12      0       #
26      58      08      0       #
26      59      04      0       #P
#x      #y      #z      #c      #comment Prime
26      60      0       0       #
26      61      26      0       #P
26      62      22      0       #
26      63      18      0       #
26      64      14      0       #
26      65      10      0       #
26      66      06      0       #
26      67      02      0       #P
26      68      28      0       #
26      69      24      0       #
26      70      20      0       #
26      71      16      0       #P
26      72      12      0       #
26      73      08      0       #
26      74      04      0       #
26      75      0       0       #
26      76      26      0       #
26      77      22      0       #
26      78      18      0       #
26      79      14      0       #P
26      80      10      0       #
26      81      06      0       #
26      82      02      0       #
26      83      28      0       #P
26      84      24      0       #
26      85      20      0       #
26      86      16      0       #
26      87      12      0       #
26      88      08      0       #
26      89      04      0       #P
#x      #y      #z      #c      #comment Prime
27      00      00      0       #
27      01      27      0       #P
27      02      24      0       #P
27      03      21      0       #P
27      04      18      0       #
27      05      15      0       #P
27      06      12      0       #
27      07      09      0       #P
27      08      06      0       #
27      09      03      0       #
27      10      0       0       #
27      11      27      0       #P
27      12      24      0       #
27      13      21      0       #P
27      14      18      0       #
27      15      15      0       #
27      16      12      0       #
27      17      09      0       #P
27      18      06      0       #
27      19      03      0       #P
27      20      0       0       #
27      21      27      0       #
27      22      24      0       #
27      23      21      0       #P
27      24      18      0       #
27      25      15      0       #
27      26      12      0       #
27      27      09      0       #P
27      28      06      0       #
27      29      03      0       #P
#x      #y      #z      #c      #comment Prime
27      30      00      0       0
27      31      27      0       #P
27      32      24      0       #
27      33      21      0       #
27      34      18      0       #
27      35      15      0       #
27      36      12      0       #
27      37      09      0       #P
27      38      06      0       #
27      39      03      0       #
27      40      0       0       #
27      41      27      0       #P
27      42      24      0       #
27      43      21      0       #P
27      44      18      0       #
27      45      15      0       #
27      46      12      0       #
27      47      09      0       #P
27      48      06      0       #
27      49      03      0       #
27      50      0       0       #
27      51      27      0       #
27      52      24      0       #
27      53      21      0       #P
27      54      18      0       #
27      55      15      0       #
27      56      12      0       #
27      57      09      0       #
27      58      06      0       #
27      59      03      0       #P
#x      #y      #z      #c      #comment Prime
27      60      0       0       #
27      61      27      0       #P
27      62      24      0       #
27      63      21      0       #
27      64      18      0       #
27      65      15      0       #
27      66      12      0       #
27      67      09      0       #P
27      68      06      0       #
27      69      03      0       #
27      70      0       0       #
27      71      27      0       #P
27      72      24      0       #
27      73      21      0       #
27      74      18      0       #
27      75      15      0       #
27      76      12      0       #
27      77      09      0       #
27      78      06      0       #
27      79      03      0       #P
27      80      0       0       #
27      81      27      0       #
27      82      24      0       #
27      83      21      0       #P
27      84      18      0       #
27      85      15      0       #
27      86      12      0       #
27      87      09      0       #
27      88      06      0       #
27      89      03      0       #P
#x      #y      #z      #c      #comment Prime
28      00      00      0       #
28      01      28      0       #P
28      02      26      0       #P
28      03      24      0       #P
28      04      22      0       #
28      05      20      0       #P
28      06      18      0       #
28      07      16      0       #P
28      08      14      0       #
28      09      12      0       #
28      10      10      0       #
28      11      08      0       #P
28      12      06      0       #
28      13      04      0       #P
28      14      02      0       #
28      15      0       0       #
28      16      28      0       #
28      17      26      0       #P
28      18      24      0       #
28      19      22      0       #P
28      20      20      0       #
28      21      18      0       #
28      22      16      0       #
28      23      14      0       #P
28      24      12      0       #
28      25      10      0       #
28      26      08      0       #
28      27      06      0       #P
28      28      04      0       #
28      29      02      0       #P
#x      #y      #z      #c      #comment Prime
28      30      00      0       0
28      31      28      0       #P
28      32      26      0       #
28      33      24      0       #
28      34      22      0       #
28      35      20      0       #
28      36      18      0       #
28      37      16      0       #P
28      38      14      0       #
28      39      12      0       #
28      40      10      0       #
28      41      08      0       #P
28      42      06      0       #
28      43      04      0       #P
28      44      02      0       #
28      45      0       0       #
28      46      28      0       #
28      47      26      0       #P
28      48      24      0       #
28      49      22      0       #
28      50      20      0       #
28      51      18      0       #
28      52      16      0       #
28      53      14      0       #P
28      54      12      0       #
28      55      10      0       #
28      56      08      0       #
28      57      06      0       #
28      58      04      0       #
28      59      02      0       #P
#x      #y      #z      #c      #comment Prime
28      60      0       0       #
28      61      28      0       #P
28      62      26      0       #
28      63      24      0       #
28      64      22      0       #
28      65      20      0       #
28      66      18      0       #
28      67      16      0       #P
28      68      14      0       #
28      69      12      0       #
28      70      10      0       #
28      71      08      0       #P
28      72      06      0       #
28      73      04      0       #
28      74      02      0       #
28      75      0       0       #
28      76      28      0       #
28      77      26      0       #
28      78      24      0       #
28      79      22      0       #P
28      80      20      0       #
28      81      18      0       #
28      82      16      0       #
28      83      14      0       #P
28      84      12      0       #
28      85      10      0       #
28      86      08      0       #
28      87      06      0       #
28      88      04      0       #
28      89      02      0       #P
#x      #y      #z      #c      #comment Prime
30      00      00      0       #
30      01      0       0       #P
30      02      00      0       #P
30      03      00      0       #P
30      04      00      0       #
30      05      00      0       #P
30      06      0       0       #
30      07      0       0       #P
30      08      0       0       #
30      09      0       0       #
30      10      0       0       #
30      11      0       0       #P
30      12      0       0       #
30      13      0       0       #P
30      14      0       0       #
30      15      0       0       #
30      16      0       0       #
30      17      0       0       #P
30      18      0       0       #
30      19      0       0       #P
30      20      0       0       #
30      21      0       0       #
30      22      0       0       #
30      23      0       0       #P
30      24      0       0       #
30      25      0       0       #
30      26      0       0       #
30      27      0       0       #P
30      28      0       0       #
30      29      0       0       #P
#x      #y      #z      #c      #comment Prime
30      30      00      0       0
30      31      0       0       #P
30      32      0       0       #
30      33      0       0       #
30      34      0       0       #
30      35      0       0       #
30      36      0       0       #
30      37      0       0       #P
30      38      0       0       #
30      39      0       0       #
30      40      0       0       #
30      41      0       0       #P
30      42      0       0       #
30      43      0       0       #P
30      44      0       0       #
30      45      0       0       #
30      46      0       0       #
30      47      0       0       #P
30      48      0       0       #
30      49      0       0       #
30      50      0       0       #
30      51      0       0       #
30      52      0       0       #
30      53      0       0       #P
30      54      0       0       #
30      55      0       0       #
30      56      0       0       #
30      57      0       0       #
30      58      0       0       #
30      59      0       0       #P
#x      #y      #z      #c      #comment Prime
30      60      0       0       #
30      61      0       0       #P
30      62      0       0       #
30      63      0       0       #
30      64      0       0       #
30      65      0       0       #
30      66      0       0       #
30      67      0       0       #P
30      68      0       0       #
30      69      0       0       #
30      70      0       0       #
30      71      0       0       #P
30      72      0       0       #
30      73      0       0       #
30      74      0       0       #
30      75      0       0       #
30      76      0       0       #
30      77      0       0       #
30      78      0       0       #
30      79      0       0       #P
30      80      0       0       #
30      81      0       0       #
30      82      0       0       #
30      83      0       0       #P
30      84      0       0       #
30      85      0       0       #
30      86      0       0       #
30      87      0       0       #
30      88      0       0       #
30      89      0       0       #P
