#x      #y      #z      #c      #comment Prime
07      00      00      2
07      02      14      2
07      03      21      2
07      04      28      2
07      05      05      2
07      06      12      2
07      08      26      2
07      09      03      2
07      10      10      2
07      12      24      2
07      14      08      2
07      15      15      2
07      16      22      2
07      18      06      2
07      20      20      2
07      21      27      2
07      22      04      2
07      24      18      2
07      25      25      2
07      26      02      2
07      27      09      2
07      28      16      2
07      30      00      2
