#x      #y      #z      #c      #comment Prime
29      00      30      1
29      02      28      1
29      03      27      1
29      04      26      1
29      05      25      1
29      06      24      1
29      08      22      1
29      09      21      1
29      10      20      1
29      12      18      1
29      14      16      1
29      15      15      1
29      16      14      1
29      18      12      1
29      20      10      1
29      21      09      1
29      22      08      1
29      24      06      1
29      25      05      1
29      26      04      1
29      27      03      1
29      28      02      1
29      30      00      1
