#x      #y      #z      #c      #comment Prime
7       00      00      2
7       02      14      2
7       03      21      2
7       04      28      2
7       05      05      2
7       06      12      2
7       08      26      2
7       09      03      2
7       10      10      2
7       12      24      2
7       14      08      2
7       15      15      2
7       16      22      2
7       18      06      2
7       20      20      2
7       21      27      2
7       22      04      2
7       24      18      2
7       25      25      2
7       26      02      2
7       27      09      2
7       28      16      2
7       30      30      2
#x      #y      #z      #c      #comment Prime
23      00      00      2
23      02      16      2
23      03      09      2
23      04      02      2
23      05      25      2
23      06      18      2
23      08      04      2
23      09      27      2
23      10      20      2
23      12      06      2
23      14      22      2
23      15      15      2
23      16      08      2
23      18      24      2
23      20      10      2
23      21      03      2
23      22      26      2
23      24      12      2
23      25      05      2
23      26      28      2
23      27      21      2
23      28      14      2
23      30      30      2
