#x      #y      #z      #c      #comment Prime
11      00      00      3
11      02      22      3
11      03      03      3
11      04      14      3
11      05      25      3
11      06      06      3
11      08      28      3
11      09      09      3
11      10      20      3
11      12      12      3
11      14      04      3
11      15      15      3
11      16      26      3
11      18      18      3
11      20      10      3
11      21      21      3
11      22      02      3
11      24      24      3
11      25      05      3
11      26      16      3
11      27      27      3
11      28      08      3
11      30      30      3
#x      #y      #z      #c      #comment Prime
19      00      00      3
19      02      08      3
19      03      27      3
19      04      16      3
19      05      05      3
19      06      24      3
19      08      02      3
19      09      21      3
19      10      10      3
19      12      18      3
19      14      26      3
19      15      15      3
19      16      04      3
19      18      12      3
19      20      20      3
19      21      09      3
19      22      28      3
19      24      06      3
19      25      25      3
19      26      14      3
19      27      03      3
19      28      22      3
19      30      30      3
