#x      #y      #z      #c      #comment Prime
23      00      00      2
23      02      16      2
23      03      09      2
23      05      25      2
23      04      02      2
23      06      18      2
23      08      04      2
23      09      27      2
23      10      20      2
23      12      06      2
23      14      22      2
23      15      15      2
23      16      08      2
23      18      24      2
23      20      10      2
23      21      03      2
23      22      26      2
23      24      12      2
23      25      05      2
23      26      28      2
23      27      21      2
23      28      14      2
23      30      30      2
