#z      #x      #y      #c
#1       1       1       1
#1       7       7       1
#1       11      11      1
#1       13      13      1
#1       17      17      1
#1       19      19      1
#1       23      23      1
#1       29      29      1
#29      1       29      1
#29      7       23      1
#29      11      19      1
#29      13      17      1
#29      17      13      1
#29      19      11      1
#29      23      7       1
#29      29      1       1


 7       1       7       7
 7       7       19      7
 7       11      17      7
 7       13      1       7
 7       17      29      7
 7       19      13      7
 7       23      11      7
 7       29      23      7
 23      1       23      7
 23      7       11      7
 23      11      13      7
 23      13      29      7
 23      17      1       7
 23      19      17      7
 23      23      19      7
 23      29      7       7



 7       31      37      7
 7       37      49      7
 7       41      47      7
 7       43      31      7
 7       47      59      7
 7       53      41      7
 7       59      53      7
 7       61      37      7
 23      31      53      7
 23      37      41      7
 23      41      43      7
 23      43      59      7
 23      47      31      7
 23      53      49      7
 23      59      37      7
 23      61      53      7




 7       67      79      7
 7       71      77      7
 7       73      61      7
 7       79      73      7
 7       83      71      7
 7       89      83      7
 7       97      79      7
 7       101     77      7
 23      67      71      7
 23      71      73      7
 23      73      89      7
 23      79      77      7
 23      83      79      7
 23      89      67      7
 23      97      71      7
 23      101     73      7




#11      1       11      11
#11      7       17      11
#11      11      1       11
#11      13      23      11
#11      17      7       11
#11      19      29      11
#11      23      13      11
#11      29      19      11
#19      1       19      11
#19      7       13      11
#19      11      29      11
#19      13      7       11
#19      17      23      11
#19      19      1       11
#19      23      17      11
#19      29      11      11


#13      1       13      29
#13      7       1       29
#13      11      23      29
#13      13      19      29
#13      17      11      29
#13      19      7       29
#13      23      29      29
#13      29      17      29
#17      1       17      29
#17      7       29      29
#17      11      7       29
#17      13      11      29
#17      17      19      29
#17      19      23      29
#17      23      1       29
#17      29      13      29
