23      0
53      1
83      2
113     3

173     5

233     7
263     8
293     9

353     11
383     12

443     14

503     16

563     18
593     19

653     21
683     22

743     24
773     25


863     28


953     31
983     32
1013    33


1103    36


1163    38
1193    39
1223    40

1283    42


1373    45

1433    47

1493    49

1523    50
1553    51
1583    52
1613    53



1733    57


1823    60


1913    63

1973    65
2003    66

2063    68


2153    71

2213    73
2243    74
2273    75

2333    77

2393    79
2423    80



2543    84


2633    87
2663    88
2693    89

2753    91


2843    94

2903    96

2963    98

3023    100

