133  13 4       7 x 19
343  13 11      7 x 49
553  13 18      7 x 79
763  13 25      7 x 109
973  13 32      7 x 139
1183 13 39      7 x 169
1393 13 46      7 x 199
1603 13 53      7 x 229
1813 13 59      7 x 259
203  23 6       7 × 29
413  23 13      7 × 59 
623  23 20      7 × 89
833  23 27      7 × 119
1043 23 34      7 × 149
1253 23 41      7 × 179
1463 23 48      7 × 209
1673 23 55      7 × 239
217  07 7       7 × 31
427  07 14      7 × 61
637  07 21      7 × 91
847  07 28      7 × 121
1057 07 35      7 × 151
1267 07 42      7 × 181
1477 07 49      7 × 211
77   17 2       7 × 11
287  17 9       7 × 41
497  17 16      7 × 71
707  17 23      7 × 101
917  17 30      7 × 131
1127 17 37      7 × 161
1337 17 44      7 × 191
1547 17 51      7 × 221
91   01 3       7 × 13
301  01 10      7 × 43
511  01 17      7 × 73
721  01 24      7 × 103
931  01 31      7 × 133
1141 01 38      7 × 163
1351 01 45      7 × 193
1561 01 52      7 × 223
1771 01 59      7 × 253
161  11 5       7 × 23
371  11 12      7 × 53
581  11 19      7 × 83
791  11 26      7 × 113
1001 11 33      7 × 143
1211 11 40      7 × 173
1421 11 47      7 × 203
49   19 1       7 × 7
259  19 8       7 × 37
469  19 15      7 × 67
679  19 22      7 × 97
889  19 29      7 × 127
1099 19 36      7 × 157
1309 19 43      7 × 187
1519 19 50      7 × 217
1729 19 57      7 × 247
119  29 3       7 × 17
329  29 10      7 × 47
539  29 17      7 × 77 
749  29 24      7 × 107
959  29 31      7 × 137
1169 29 38      7 × 167
1379 29 45      7 × 197
1589 29 52      7 × 227
1799    59      7 × 257
