
253  13 8       11 x 23
583  13 19      11 x 53
913  13 30      11 x 83
1243 13 41      11 x 113
1573 13 52      11 x 143
143  23 4       11 × 13 
473  23 15      11 × 43
803  23 26      11 × 73
1133 23 37      11 × 103
1793 23 59      11 × 163
187  07 6       11 × 17
517  07 17      11 × 47
1177 07 38      11 × 107
1507 07 50      11 × 137
407  17 13      11 × 37
737  17 24      11 × 67
1067 17 35      11 × 97
1397 17 46      11 × 127
121  01 4       11 × 11
451  01 15      11 × 41
781  01 26      11 × 71
1111 01 37      11 × 101
1441 01 48      11 × 131
341  11 11      11 × 31
671  11 22      11 × 61
1331 11 44      11 × 121
1661 11 55      11 × 151
319  19 10      11 × 29
649  19 21      11 × 59
979  19 32      11 × 89
1639 19 54      11 × 149
209  29 6       11 × 19
869  29 28      11 × 79 
1199 29 39      11 × 109
1529 29 50      11 × 139
1859    61      11 × 169
