0049 19  1      7 × 7
0077 17  2      7 × 11
0091 01  3      7 × 13
0119 29  3      7 × 17
0133 13  4      7 x 19
0161 11  5      7 × 23
0203 23  6      7 × 29
0217 07  7      7 × 31
0259 19  8      7 × 37
0287 17  9      7 × 41
0301 01 10      7 × 43
0329 29 10      7 × 47
0343 13 11      7 x 49
0371 11 12      7 × 53
0413 23 13      7 × 59 
0427 07 14      7 × 61
0469 19 15      7 × 67
0497 17 16      7 × 71
0511 01 17      7 × 73
0539 29 17      7 × 77 
0553 13 18      7 x 79
0581 11 19      7 × 83
0623 23 20      7 × 89
0637 07 21      7 × 91
0679 19 22      7 × 97
0707 17 23      7 × 101
0721 01 24      7 × 103
0749 29 24      7 × 107
0763 13 25      7 x 109
0791 11 26      7 × 113
0833 23 27      7 × 119
0847 07 28      7 × 121
0889 19 29      7 × 127
0917 17 30      7 × 131
0931 01 31      7 × 133
0959 29 31      7 × 137
0973 13 32      7 x 139
1001 11 33      7 × 143
1043 23 34      7 × 149
1057 07 35      7 × 151
1099 19 36      7 × 157
1127 17 37      7 × 161
1141 01 38      7 × 163
1169 29 38      7 × 167
1183 13 39      7 x 169
1211 11 40      7 × 173
1253 23 41      7 × 179
1267 07 42      7 × 181
1309 19 43      7 × 187
1337 17 44      7 × 191
1351 01 45      7 × 193
1379 29 45      7 × 197
1393 13 46      7 x 199
1421 11 47      7 × 203
1463 23 48      7 × 209
1477 07 49      7 × 211
1519 19 50      7 × 217
1547 17 51      7 × 221
1561 01 52      7 × 223
1589 29 52      7 × 227
1603 13 53      7 x 229
1673 23 55      7 × 239
1729 19 57      7 × 247
1771 01 59      7 × 253
