     0001     01     00     01
     0007     07     00     07
     0011     11     00     11
     0013     13     00     13
     0017     17     00     17
     0019     19     00     19
     0023     23     00     23
     0031     01     01     01
     0037     07     01     07
     0041     11     01     11
     0043     13     01     13
     0047     17     01     17
     0049     19     01     19
     0053     23     01     23
     0061     01     02     01
     0067     07     02     07
     0071     11     02     11
     0073     13     02     13
     0077     17     02     17
     0079     19     02     19
     0083     23     02     23
     0091     01     03     01
     0097     07     03     07
     0101     11     03     11
     0103     13     03     13
     0107     17     03     17
     0109     19     03     19
     0113     23     03     23
     0121     01     04     01
     0127     07     04     07
     0131     11     04     11
     0133     13     04     13
     0137     17     04     17
     0139     19     04     19
     0143     23     04     23
     0151     01     05     01
     0157     07     05     07
     0161     11     05     11
     0163     13     05     13
     0167     17     05     17
     0169     19     05     19
     0173     23     05     23
     0181     01     06     01
     0187     07     06     07
     0191     11     06     11
     0193     13     06     13
     0197     17     06     17
     0199     19     06     19
     0203     23     06     23
     0211     01     07     01
     0217     07     07     07
     0221     11     07     11
     0223     13     07     13
     0227     17     07     17
     0229     19     07     19
     0233     23     07     23
     0241     01     08     01
     0247     07     08     07
     0251     11     08     11
     0253     13     08     13
     0257     17     08     17
     0259     19     08     19
     0263     23     08     23
     0271     01     09     01
     0277     07     09     07
     0281     11     09     11
     0283     13     09     13
     0287     17     09     17
     0289     19     09     19
     0293     23     09     23
     0301     01     10     01
     0307     07     10     07
     0311     11     10     11
     0313     13     10     13
     0317     17     10     17
     0319     19     10     19
     0323     23     10     23
     0331     01     11     01
     0337     07     11     07
     0341     11     11     11
     0343     13     11     13
     0347     17     11     17
     0349     19     11     19
     0353     23     11     23
     0361     01     12     01
     0367     07     12     07
     0371     11     12     11
     0373     13     12     13
     0377     17     12     17
     0379     19     12     19
     0383     23     12     23
     0391     01     13     01
     0397     07     13     07
     0401     11     13     11
     0403     13     13     13
     0407     17     13     17
     0409     19     13     19
     0413     23     13     23
     0421     01     14     01
     0427     07     14     07
     0431     11     14     11
     0433     13     14     13
     0437     17     14     17
     0439     19     14     19
     0443     23     14     23
     0451     01     15     01
     0457     07     15     07
     0461     11     15     11
     0463     13     15     13
     0467     17     15     17
     0469     19     15     19
     0473     23     15     23
     0481     01     16     01
     0487     07     16     07
     0491     11     16     11
     0493     13     16     13
     0497     17     16     17
     0499     19     16     19
     0503     23     16     23
     0511     01     17     01
     0517     07     17     07
     0521     11     17     11
     0523     13     17     13
     0527     17     17     17
     0529     19     17     19
     0533     23     17     23
     0541     01     18     01
     0547     07     18     07
     0551     11     18     11
     0553     13     18     13
     0557     17     18     17
     0559     19     18     19
     0563     23     18     23
     0571     01     19     01
     0577     07     19     07
     0581     11     19     11
     0583     13     19     13
     0587     17     19     17
     0589     19     19     19
     0593     23     19     23
     0601     01     20     01
     0607     07     20     07
     0611     11     20     11
     0613     13     20     13
     0617     17     20     17
     0619     19     20     19
     0623     23     20     23
     0631     01     21     01
     0637     07     21     07
     0641     11     21     11
     0643     13     21     13
     0647     17     21     17
     0649     19     21     19
     0653     23     21     23
     0661     01     22     01
     0667     07     22     07
     0671     11     22     11
     0673     13     22     13
     0677     17     22     17
     0679     19     22     19
     0683     23     22     23
     0691     01     23     01
     0697     07     23     07
     0701     11     23     11
     0703     13     23     13
     0707     17     23     17
     0709     19     23     19
     0713     23     23     23
     0721     01     24     01
     0727     07     24     07
     0731     11     24     11
     0733     13     24     13
     0737     17     24     17
     0739     19     24     19
     0743     23     24     23
     0751     01     25     01
     0757     07     25     07
     0761     11     25     11
     0763     13     25     13
     0767     17     25     17
     0769     19     25     19
     0773     23     25     23
     0781     01     26     01
     0787     07     26     07
     0791     11     26     11
     0793     13     26     13
     0797     17     26     17
     0799     19     26     19
     0803     23     26     23
     0811     01     27     01
     0817     07     27     07
     0821     11     27     11
     0823     13     27     13
     0827     17     27     17
     0829     19     27     19
     0833     23     27     23
     0841     01     28     01
     0847     07     28     07
     0851     11     28     11
     0853     13     28     13
     0857     17     28     17
     0859     19     28     19
     0863     23     28     23
     0871     01     29     01
     0877     07     29     07
     0881     11     29     11
     0883     13     29     13
     0887     17     29     17
     0889     19     29     19
     0893     23     29     23
     0901     01     30     01
     0907     07     30     07
     0911     11     30     11
     0913     13     30     13
     0917     17     30     17
     0919     19     30     19
     0923     23     30     23
     0931     01     31     01
     0937     07     31     07
     0941     11     31     11
     0943     13     31     13
     0947     17     31     17
     0949     19     31     19
     0953     23     31     23
     0961     01     32     01
     0967     07     32     07
     0971     11     32     11
     0973     13     32     13
     0977     17     32     17
     0979     19     32     19
     0983     23     32     23
     0991     01     33     01
     0997     07     33     07
     1001     11     33     11
     1003     13     33     13
     1007     17     33     17
     1009     19     33     19
     1013     23     33     23
     1021     01     34     01
     1027     07     34     07
     1031     11     34     11
     1033     13     34     13
     1037     17     34     17
     1039     19     34     19
     1043     23     34     23
     1051     01     35     01
     1057     07     35     07
     1061     11     35     11
     1063     13     35     13
     1067     17     35     17
     1069     19     35     19
     1073     23     35     23
     1081     01     36     01
     1087     07     36     07
     1091     11     36     11
     1093     13     36     13
     1097     17     36     17
     1099     19     36     19
     1103     23     36     23
     1111     01     37     01
     1117     07     37     07
     1121     11     37     11
     1123     13     37     13
     1127     17     37     17
     1129     19     37     19
     1133     23     37     23
     1141     01     38     01
     1147     07     38     07
     1151     11     38     11
     1153     13     38     13
     1157     17     38     17
     1159     19     38     19
     1163     23     38     23
     1171     01     39     01
     1177     07     39     07
     1181     11     39     11
     1183     13     39     13
     1187     17     39     17
     1189     19     39     19
     1193     23     39     23
     1201     01     40     01
     1207     07     40     07
     1211     11     40     11
     1213     13     40     13
     1217     17     40     17
     1219     19     40     19
     1223     23     40     23
     1231     01     41     01
     1237     07     41     07
     1241     11     41     11
     1243     13     41     13
     1247     17     41     17
     1249     19     41     19
     1253     23     41     23
     1261     01     42     01
     1267     07     42     07
     1271     11     42     11
     1273     13     42     13
     1277     17     42     17
     1279     19     42     19
     1283     23     42     23
     1291     01     43     01
     1297     07     43     07
     1301     11     43     11
     1303     13     43     13
     1307     17     43     17
     1309     19     43     19
     1313     23     43     23
     1321     01     44     01
     1327     07     44     07
     1331     11     44     11
     1333     13     44     13
     1337     17     44     17
     1339     19     44     19
     1343     23     44     23
     1351     01     45     01
     1357     07     45     07
     1361     11     45     11
     1363     13     45     13
     1367     17     45     17
     1369     19     45     19
     1373     23     45     23
     1381     01     46     01
     1387     07     46     07
     1391     11     46     11
     1393     13     46     13
     1397     17     46     17
     1399     19     46     19
     1403     23     46     23
     1411     01     47     01
     1417     07     47     07
     1421     11     47     11
     1423     13     47     13
     1427     17     47     17
     1429     19     47     19
     1433     23     47     23
     1441     01     48     01
     1447     07     48     07
     1451     11     48     11
     1453     13     48     13
     1457     17     48     17
     1459     19     48     19
     1463     23     48     23
     1471     01     49     01
     1477     07     49     07
     1481     11     49     11
     1483     13     49     13
     1487     17     49     17
     1489     19     49     19
     1493     23     49     23
     1501     01     50     01
     1507     07     50     07
     1511     11     50     11
     1513     13     50     13
     1517     17     50     17
     1519     19     50     19
     1523     23     50     23
     1531     01     51     01
     1537     07     51     07
     1541     11     51     11
     1543     13     51     13
     1547     17     51     17
     1549     19     51     19
     1553     23     51     23
     1561     01     52     01
     1567     07     52     07
     1571     11     52     11
     1573     13     52     13
     1577     17     52     17
     1579     19     52     19
     1583     23     52     23
     1591     01     53     01
     1597     07     53     07
     1601     11     53     11
     1603     13     53     13
     1607     17     53     17
     1609     19     53     19
     1613     23     53     23
     1621     01     54     01
     1627     07     54     07
     1631     11     54     11
     1633     13     54     13
     1637     17     54     17
     1639     19     54     19
     1643     23     54     23
     1651     01     55     01
     1657     07     55     07
     1661     11     55     11
     1663     13     55     13
     1667     17     55     17
     1669     19     55     19
     1673     23     55     23
     1681     01     56     01
     1687     07     56     07
     1691     11     56     11
     1693     13     56     13
     1697     17     56     17
     1699     19     56     19
     1703     23     56     23
     1711     01     57     01
     1717     07     57     07
     1721     11     57     11
     1723     13     57     13
     1727     17     57     17
     1729     19     57     19
     1733     23     57     23
     1741     01     58     01
     1747     07     58     07
     1751     11     58     11
     1753     13     58     13
     1757     17     58     17
     1759     19     58     19
     1763     23     58     23
     1771     01     59     01
     1777     07     59     07
     1781     11     59     11
     1783     13     59     13
     1787     17     59     17
     1789     19     59     19
     1793     23     59     23
     1801     01     60     01
     1807     07     60     07
     1811     11     60     11
     1813     13     60     13
     1817     17     60     17
     1819     19     60     19
     1823     23     60     23
     1831     01     61     01
     1837     07     61     07
     1841     11     61     11
     1843     13     61     13
     1847     17     61     17
     1849     19     61     19
     1853     23     61     23
     1861     01     62     01
     1867     07     62     07
     1871     11     62     11
     1873     13     62     13
     1877     17     62     17
     1879     19     62     19
     1883     23     62     23
     1891     01     63     01
     1897     07     63     07
     1901     11     63     11
     1903     13     63     13
     1907     17     63     17
     1909     19     63     19
     1913     23     63     23
     1921     01     64     01
     1927     07     64     07
     1931     11     64     11
     1933     13     64     13
     1937     17     64     17
     1939     19     64     19
     1943     23     64     23
     1951     01     65     01
     1957     07     65     07
     1961     11     65     11
     1963     13     65     13
     1967     17     65     17
     1969     19     65     19
     1973     23     65     23
     1981     01     66     01
     1987     07     66     07
     1991     11     66     11
     1993     13     66     13
     1997     17     66     17
     1999     19     66     19
     2003     23     66     23
     2011     01     67     01
     2017     07     67     07
     2021     11     67     11
     2023     13     67     13
     2027     17     67     17
     2029     19     67     19
     2033     23     67     23
     2041     01     68     01
     2047     07     68     07
     2051     11     68     11
     2053     13     68     13
     2057     17     68     17
     2059     19     68     19
     2063     23     68     23
     2071     01     69     01
     2077     07     69     07
     2081     11     69     11
     2083     13     69     13
     2087     17     69     17
     2089     19     69     19
     2093     23     69     23
     2101     01     70     01
     2107     07     70     07
     2111     11     70     11
     2113     13     70     13
     2117     17     70     17
     2119     19     70     19
     2123     23     70     23
     2131     01     71     01
     2137     07     71     07
     2141     11     71     11
     2143     13     71     13
     2147     17     71     17
     2149     19     71     19
     2153     23     71     23
