   001     001     000     01


   003     001     000     03
   003     002     001     00
   003     003     000     03


   005     001     000     05
   005     002     001     00
   005     003     002     00
   005     004     001     00
   005     005     000     05


   007     001     000     07
   007     002     001     00
   007     003     001     00
   007     004     003     00
   007     005     002     00
   007     006     001     00
   007     007     000     07


   009     001     000     09
   009     002     001     00
   009     003     000     09
   009     004     001     00
   009     005     004     00
   009     006     003     00
   009     007     002     00
   009     008     001     00
   009     009     000     09


   011     001     000     11
   011     002     001     00
   011     003     002     00
   011     004     003     00
   011     005     001     00
   011     006     005     00
   011     007     004     00
   011     008     003     00
   011     009     002     00
   011     010     001     00
   011     011     000     11


   013     001     000     13
   013     002     001     00
   013     003     001     00
   013     004     001     00
   013     005     003     00
   013     006     001     00
   013     007     006     00
   013     008     005     00
   013     009     004     00
   013     010     003     00
   013     011     002     00
   013     012     001     00
   013     013     000     13


   015     001     000     05
   015     002     001     00
   015     003     000     05
   015     004     003     00
   015     005     000     05
   015     006     003     00
   015     007     001     00
   015     008     007     00
   015     009     006     00
   015     010     005     00
   015     011     004     00
   015     012     003     00
   015     013     002     00
   015     014     001     00
   015     015     000     05


   017     001     000     17
   017     002     001     00
   017     003     002     00
   017     004     001     00
   017     005     002     00
   017     006     005     00
   017     007     003     00
   017     008     001     00
   017     009     008     00
   017     010     007     00
   017     011     006     00
   017     012     005     00
   017     013     004     00
   017     014     003     00
   017     015     002     00
   017     016     001     00
   017     017     000     17


   019     001     000     19
   019     002     001     00
   019     003     001     00
   019     004     003     00
   019     005     004     00
   019     006     001     00
   019     007     005     00
   019     008     003     00
   019     009     001     00
   019     010     009     00
   019     011     008     00
   019     012     007     00
   019     013     006     00
   019     014     005     00
   019     015     004     00
   019     016     003     00
   019     017     002     00
   019     018     001     00
   019     019     000     19


   021     001     000     21
   021     002     001     00
   021     003     000     21
   021     004     001     00
   021     005     001     00
   021     006     003     00
   021     007     000     21
   021     008     005     00
   021     009     003     00
   021     010     001     00
   021     011     010     00
   021     012     009     00
   021     013     008     00
   021     014     007     00
   021     015     006     00
   021     016     005     00
   021     017     004     00
   021     018     003     00
   021     019     002     00
   021     020     001     00
   021     021     000     21


   023     001     000     23
   023     002     001     00
   023     003     002     00
   023     004     003     00
   023     005     003     00
   023     006     005     00
   023     007     002     00
   023     008     007     00
   023     009     005     00
   023     010     003     00
   023     011     001     00
   023     012     011     00
   023     013     010     00
   023     014     009     00
   023     015     008     00
   023     016     007     00
   023     017     006     00
   023     018     005     00
   023     019     004     00
   023     020     003     00
   023     021     002     00
   023     022     001     00
   023     023     000     23


   025     001     000     05
   025     002     001     00
   025     003     001     00
   025     004     001     00
   025     005     000     05
   025     006     001     00
   025     007     004     00
   025     008     001     00
   025     009     007     00
   025     010     005     00
   025     011     003     00
   025     012     001     00
   025     013     012     00
   025     014     011     00
   025     015     010     00
   025     016     009     00
   025     017     008     00
   025     018     007     00
   025     019     006     00
   025     020     005     00
   025     021     004     00
   025     022     003     00
   025     023     002     00
   025     024     001     00
   025     025     000     05


   027     001     000     27
   027     002     001     00
   027     003     000     27
   027     004     003     00
   027     005     002     00
   027     006     003     00
   027     007     006     00
   027     008     003     00
   027     009     000     27
   027     010     007     00
   027     011     005     00
   027     012     003     00
   027     013     001     00
   027     014     013     00
   027     015     012     00
   027     016     011     00
   027     017     010     00
   027     018     009     00
   027     019     008     00
   027     020     007     00
   027     021     006     00
   027     022     005     00
   027     023     004     00
   027     024     003     00
   027     025     002     00
   027     026     001     00
   027     027     000     27


   029     001     000     29
   029     002     001     00
   029     003     002     00
   029     004     001     00
   029     005     004     00
   029     006     005     00
   029     007     001     00
   029     008     005     00
   029     009     002     00
   029     010     009     00
   029     011     007     00
   029     012     005     00
   029     013     003     00
   029     014     001     00
   029     015     014     00
   029     016     013     00
   029     017     012     00
   029     018     011     00
   029     019     010     00
   029     020     009     00
   029     021     008     00
   029     022     007     00
   029     023     006     00
   029     024     005     00
   029     025     004     00
   029     026     003     00
   029     027     002     00
   029     028     001     00
   029     029     000     29


   031     001     000     01
   031     002     001     00
   031     003     001     00
   031     004     003     00
   031     005     001     00
   031     006     001     00
   031     007     003     00
   031     008     007     00
   031     009     004     00
   031     010     001     00
   031     011     009     00
   031     012     007     00
   031     013     005     00
   031     014     003     00
   031     015     001     00
   031     016     015     00
   031     017     014     00
   031     018     013     00
   031     019     012     00
   031     020     011     00
   031     021     010     00
   031     022     009     00
   031     023     008     00
   031     024     007     00
   031     025     006     00
   031     026     005     00
   031     027     004     00
   031     028     003     00
   031     029     002     00
   031     030     001     00
   031     031     000     01


   033     001     000     03
   033     002     001     00
   033     003     000     03
   033     004     001     00
   033     005     003     00
   033     006     003     00
   033     007     005     00
   033     008     001     00
   033     009     006     00
   033     010     003     00
   033     011     000     03
   033     012     009     00
   033     013     007     00
   033     014     005     00
   033     015     003     00
   033     016     001     00
   033     017     016     00
   033     018     015     00
   033     019     014     00
   033     020     013     00
   033     021     012     00
   033     022     011     00
   033     023     010     00
   033     024     009     00
   033     025     008     00
   033     026     007     00
   033     027     006     00
   033     028     005     00
   033     029     004     00
   033     030     003     00
   033     031     002     00
   033     032     001     00
   033     033     000     03


   035     001     000     05
   035     002     001     00
   035     003     002     00
   035     004     003     00
   035     005     000     05
   035     006     005     00
   035     007     000     05
   035     008     003     00
   035     009     008     00
   035     010     005     00
   035     011     002     00
   035     012     011     00
   035     013     009     00
   035     014     007     00
   035     015     005     00
   035     016     003     00
   035     017     001     00
   035     018     017     00
   035     019     016     00
   035     020     015     00
   035     021     014     00
   035     022     013     00
   035     023     012     00
   035     024     011     00
   035     025     010     00
   035     026     009     00
   035     027     008     00
   035     028     007     00
   035     029     006     00
   035     030     005     00
   035     031     004     00
   035     032     003     00
   035     033     002     00
   035     034     001     00
   035     035     000     05


   037     001     000     07
   037     002     001     00
   037     003     001     00
   037     004     001     00
   037     005     002     00
   037     006     001     00
   037     007     002     00
   037     008     005     00
   037     009     001     00
   037     010     007     00
   037     011     004     00
   037     012     001     00
   037     013     011     00
   037     014     009     00
   037     015     007     00
   037     016     005     00
   037     017     003     00
   037     018     001     00
   037     019     018     00
   037     020     017     00
   037     021     016     00
   037     022     015     00
   037     023     014     00
   037     024     013     00
   037     025     012     00
   037     026     011     00
   037     027     010     00
   037     028     009     00
   037     029     008     00
   037     030     007     00
   037     031     006     00
   037     032     005     00
   037     033     004     00
   037     034     003     00
   037     035     002     00
   037     036     001     00
   037     037     000     07


   039     001     000     09
   039     002     001     00
   039     003     000     09
   039     004     003     00
   039     005     004     00
   039     006     003     00
   039     007     004     00
   039     008     007     00
   039     009     003     00
   039     010     009     00
   039     011     006     00
   039     012     003     00
   039     013     000     09
   039     014     011     00
   039     015     009     00
   039     016     007     00
   039     017     005     00
   039     018     003     00
   039     019     001     00
   039     020     019     00
   039     021     018     00
   039     022     017     00
   039     023     016     00
   039     024     015     00
   039     025     014     00
   039     026     013     00
   039     027     012     00
   039     028     011     00
   039     029     010     00
   039     030     009     00
   039     031     008     00
   039     032     007     00
   039     033     006     00
   039     034     005     00
   039     035     004     00
   039     036     003     00
   039     037     002     00
   039     038     001     00
   039     039     000     09


   041     001     000     11
   041     002     001     00
   041     003     002     00
   041     004     001     00
   041     005     001     00
   041     006     005     00
   041     007     006     00
   041     008     001     00
   041     009     005     00
   041     010     001     00
   041     011     008     00
   041     012     005     00
   041     013     002     00
   041     014     013     00
   041     015     011     00
   041     016     009     00
   041     017     007     00
   041     018     005     00
   041     019     003     00
   041     020     001     00
   041     021     020     00
   041     022     019     00
   041     023     018     00
   041     024     017     00
   041     025     016     00
   041     026     015     00
   041     027     014     00
   041     028     013     00
   041     029     012     00
   041     030     011     00
   041     031     010     00
   041     032     009     00
   041     033     008     00
   041     034     007     00
   041     035     006     00
   041     036     005     00
   041     037     004     00
   041     038     003     00
   041     039     002     00
   041     040     001     00
   041     041     000     11


   043     001     000     13
   043     002     001     00
   043     003     001     00
   043     004     003     00
   043     005     003     00
   043     006     001     00
   043     007     001     00
   043     008     003     00
   043     009     007     00
   043     010     003     00
   043     011     010     00
   043     012     007     00
   043     013     004     00
   043     014     001     00
   043     015     013     00
   043     016     011     00
   043     017     009     00
   043     018     007     00
   043     019     005     00
   043     020     003     00
   043     021     001     00
   043     022     021     00
   043     023     020     00
   043     024     019     00
   043     025     018     00
   043     026     017     00
   043     027     016     00
   043     028     015     00
   043     029     014     00
   043     030     013     00
   043     031     012     00
   043     032     011     00
   043     033     010     00
   043     034     009     00
   043     035     008     00
   043     036     007     00
   043     037     006     00
   043     038     005     00
   043     039     004     00
   043     040     003     00
   043     041     002     00
   043     042     001     00
   043     043     000     13


   045     001     000     05
   045     002     001     00
   045     003     000     05
   045     004     001     00
   045     005     000     05
   045     006     003     00
   045     007     003     00
   045     008     005     00
   045     009     000     05
   045     010     005     00
   045     011     001     00
   045     012     009     00
   045     013     006     00
   045     014     003     00
   045     015     000     05
   045     016     013     00
   045     017     011     00
   045     018     009     00
   045     019     007     00
   045     020     005     00
   045     021     003     00
   045     022     001     00
   045     023     022     00
   045     024     021     00
   045     025     020     00
   045     026     019     00
   045     027     018     00
   045     028     017     00
   045     029     016     00
   045     030     015     00
   045     031     014     00
   045     032     013     00
   045     033     012     00
   045     034     011     00
   045     035     010     00
   045     036     009     00
   045     037     008     00
   045     038     007     00
   045     039     006     00
   045     040     005     00
   045     041     004     00
   045     042     003     00
   045     043     002     00
   045     044     001     00
   045     045     000     05


   047     001     000     17
   047     002     001     00
   047     003     002     00
   047     004     003     00
   047     005     002     00
   047     006     005     00
   047     007     005     00
   047     008     007     00
   047     009     002     00
   047     010     007     00
   047     011     003     00
   047     012     011     00
   047     013     008     00
   047     014     005     00
   047     015     002     00
   047     016     015     00
   047     017     013     00
   047     018     011     00
   047     019     009     00
   047     020     007     00
   047     021     005     00
   047     022     003     00
   047     023     001     00
   047     024     023     00
   047     025     022     00
   047     026     021     00
   047     027     020     00
   047     028     019     00
   047     029     018     00
   047     030     017     00
   047     031     016     00
   047     032     015     00
   047     033     014     00
   047     034     013     00
   047     035     012     00
   047     036     011     00
   047     037     010     00
   047     038     009     00
   047     039     008     00
   047     040     007     00
   047     041     006     00
   047     042     005     00
   047     043     004     00
   047     044     003     00
   047     045     002     00
   047     046     001     00
   047     047     000     17


   049     001     000     19
   049     002     001     00
   049     003     001     00
   049     004     001     00
   049     005     004     00
   049     006     001     00
   049     007     000     19
   049     008     001     00
   049     009     004     00
   049     010     009     00
   049     011     005     00
   049     012     001     00
   049     013     010     00
   049     014     007     00
   049     015     004     00
   049     016     001     00
   049     017     015     00
   049     018     013     00
   049     019     011     00
   049     020     009     00
   049     021     007     00
   049     022     005     00
   049     023     003     00
   049     024     001     00
   049     025     024     00
   049     026     023     00
   049     027     022     00
   049     028     021     00
   049     029     020     00
   049     030     019     00
   049     031     018     00
   049     032     017     00
   049     033     016     00
   049     034     015     00
   049     035     014     00
   049     036     013     00
   049     037     012     00
   049     038     011     00
   049     039     010     00
   049     040     009     00
   049     041     008     00
   049     042     007     00
   049     043     006     00
   049     044     005     00
   049     045     004     00
   049     046     003     00
   049     047     002     00
   049     048     001     00
   049     049     000     19


   051     001     000     21
   051     002     001     00
   051     003     000     21
   051     004     003     00
   051     005     001     00
   051     006     003     00
   051     007     002     00
   051     008     003     00
   051     009     006     00
   051     010     001     00
   051     011     007     00
   051     012     003     00
   051     013     012     00
   051     014     009     00
   051     015     006     00
   051     016     003     00
   051     017     000     21
   051     018     015     00
   051     019     013     00
   051     020     011     00
   051     021     009     00
   051     022     007     00
   051     023     005     00
   051     024     003     00
   051     025     001     00
   051     026     025     00
   051     027     024     00
   051     028     023     00
   051     029     022     00
   051     030     021     00
   051     031     020     00
   051     032     019     00
   051     033     018     00
   051     034     017     00
   051     035     016     00
   051     036     015     00
   051     037     014     00
   051     038     013     00
   051     039     012     00
   051     040     011     00
   051     041     010     00
   051     042     009     00
   051     043     008     00
   051     044     007     00
   051     045     006     00
   051     046     005     00
   051     047     004     00
   051     048     003     00
   051     049     002     00
   051     050     001     00
   051     051     000     21


   053     001     000     23
   053     002     001     00
   053     003     002     00
   053     004     001     00
   053     005     003     00
   053     006     005     00
   053     007     004     00
   053     008     005     00
   053     009     008     00
   053     010     003     00
   053     011     009     00
   053     012     005     00
   053     013     001     00
   053     014     011     00
   053     015     008     00
   053     016     005     00
   053     017     002     00
   053     018     017     00
   053     019     015     00
   053     020     013     00
   053     021     011     00
   053     022     009     00
   053     023     007     00
   053     024     005     00
   053     025     003     00
   053     026     001     00
   053     027     026     00
   053     028     025     00
   053     029     024     00
   053     030     023     00
   053     031     022     00
   053     032     021     00
   053     033     020     00
   053     034     019     00
   053     035     018     00
   053     036     017     00
   053     037     016     00
   053     038     015     00
   053     039     014     00
   053     040     013     00
   053     041     012     00
   053     042     011     00
   053     043     010     00
   053     044     009     00
   053     045     008     00
   053     046     007     00
   053     047     006     00
   053     048     005     00
   053     049     004     00
   053     050     003     00
   053     051     002     00
   053     052     001     00
   053     053     000     23


   055     001     000     05
   055     002     001     00
   055     003     001     00
   055     004     003     00
   055     005     000     05
   055     006     001     00
   055     007     006     00
   055     008     007     00
   055     009     001     00
   055     010     005     00
   055     011     000     05
   055     012     007     00
   055     013     003     00
   055     014     013     00
   055     015     010     00
   055     016     007     00
   055     017     004     00
   055     018     001     00
   055     019     017     00
   055     020     015     00
   055     021     013     00
   055     022     011     00
   055     023     009     00
   055     024     007     00
   055     025     005     00
   055     026     003     00
   055     027     001     00
   055     028     027     00
   055     029     026     00
   055     030     025     00
   055     031     024     00
   055     032     023     00
   055     033     022     00
   055     034     021     00
   055     035     020     00
   055     036     019     00
   055     037     018     00
   055     038     017     00
   055     039     016     00
   055     040     015     00
   055     041     014     00
   055     042     013     00
   055     043     012     00
   055     044     011     00
   055     045     010     00
   055     046     009     00
   055     047     008     00
   055     048     007     00
   055     049     006     00
   055     050     005     00
   055     051     004     00
   055     052     003     00
   055     053     002     00
   055     054     001     00
   055     055     000     05


   057     001     000     27
   057     002     001     00
   057     003     000     27
   057     004     001     00
   057     005     002     00
   057     006     003     00
   057     007     001     00
   057     008     001     00
   057     009     003     00
   057     010     007     00
   057     011     002     00
   057     012     009     00
   057     013     005     00
   057     014     001     00
   057     015     012     00
   057     016     009     00
   057     017     006     00
   057     018     003     00
   057     019     000     27
   057     020     017     00
   057     021     015     00
   057     022     013     00
   057     023     011     00
   057     024     009     00
   057     025     007     00
   057     026     005     00
   057     027     003     00
   057     028     001     00
   057     029     028     00
   057     030     027     00
   057     031     026     00
   057     032     025     00
   057     033     024     00
   057     034     023     00
   057     035     022     00
   057     036     021     00
   057     037     020     00
   057     038     019     00
   057     039     018     00
   057     040     017     00
   057     041     016     00
   057     042     015     00
   057     043     014     00
   057     044     013     00
   057     045     012     00
   057     046     011     00
   057     047     010     00
   057     048     009     00
   057     049     008     00
   057     050     007     00
   057     051     006     00
   057     052     005     00
   057     053     004     00
   057     054     003     00
   057     055     002     00
   057     056     001     00
   057     057     000     27


   059     001     000     29
   059     002     001     00
   059     003     002     00
   059     004     003     00
   059     005     004     00
   059     006     005     00
   059     007     003     00
   059     008     003     00
   059     009     005     00
   059     010     009     00
   059     011     004     00
   059     012     011     00
   059     013     007     00
   059     014     003     00
   059     015     014     00
   059     016     011     00
   059     017     008     00
   059     018     005     00
   059     019     002     00
   059     020     019     00
   059     021     017     00
   059     022     015     00
   059     023     013     00
   059     024     011     00
   059     025     009     00
   059     026     007     00
   059     027     005     00
   059     028     003     00
   059     029     001     00
   059     030     029     00
   059     031     028     00
   059     032     027     00
   059     033     026     00
   059     034     025     00
   059     035     024     00
   059     036     023     00
   059     037     022     00
   059     038     021     00
   059     039     020     00
   059     040     019     00
   059     041     018     00
   059     042     017     00
   059     043     016     00
   059     044     015     00
   059     045     014     00
   059     046     013     00
   059     047     012     00
   059     048     011     00
   059     049     010     00
   059     050     009     00
   059     051     008     00
   059     052     007     00
   059     053     006     00
   059     054     005     00
   059     055     004     00
   059     056     003     00
   059     057     002     00
   059     058     001     00
   059     059     000     29


   061     001     000     01
   061     002     001     00
   061     003     001     00
   061     004     001     00
   061     005     001     00
   061     006     001     00
   061     007     005     00
   061     008     005     00
   061     009     007     00
   061     010     001     00
   061     011     006     00
   061     012     001     00
   061     013     009     00
   061     014     005     00
   061     015     001     00
   061     016     013     00
   061     017     010     00
   061     018     007     00
   061     019     004     00
   061     020     001     00
   061     021     019     00
   061     022     017     00
   061     023     015     00
   061     024     013     00
   061     025     011     00
   061     026     009     00
   061     027     007     00
   061     028     005     00
   061     029     003     00
   061     030     001     00
   061     031     030     00
   061     032     029     00
   061     033     028     00
   061     034     027     00
   061     035     026     00
   061     036     025     00
   061     037     024     00
   061     038     023     00
   061     039     022     00
   061     040     021     00
   061     041     020     00
   061     042     019     00
   061     043     018     00
   061     044     017     00
   061     045     016     00
   061     046     015     00
   061     047     014     00
   061     048     013     00
   061     049     012     00
   061     050     011     00
   061     051     010     00
   061     052     009     00
   061     053     008     00
   061     054     007     00
   061     055     006     00
   061     056     005     00
   061     057     004     00
   061     058     003     00
   061     059     002     00
   061     060     001     00
   061     061     000     01


   063     001     000     03
   063     002     001     00
   063     003     000     03
   063     004     003     00
   063     005     003     00
   063     006     003     00
   063     007     000     03
   063     008     007     00
   063     009     000     03
   063     010     003     00
   063     011     008     00
   063     012     003     00
   063     013     011     00
   063     014     007     00
   063     015     003     00
   063     016     015     00
   063     017     012     00
   063     018     009     00
   063     019     006     00
   063     020     003     00
   063     021     000     03
   063     022     019     00
   063     023     017     00
   063     024     015     00
   063     025     013     00
   063     026     011     00
   063     027     009     00
   063     028     007     00
   063     029     005     00
   063     030     003     00
   063     031     001     00
   063     032     031     00
   063     033     030     00
   063     034     029     00
   063     035     028     00
   063     036     027     00
   063     037     026     00
   063     038     025     00
   063     039     024     00
   063     040     023     00
   063     041     022     00
   063     042     021     00
   063     043     020     00
   063     044     019     00
   063     045     018     00
   063     046     017     00
   063     047     016     00
   063     048     015     00
   063     049     014     00
   063     050     013     00
   063     051     012     00
   063     052     011     00
   063     053     010     00
   063     054     009     00
   063     055     008     00
   063     056     007     00
   063     057     006     00
   063     058     005     00
   063     059     004     00
   063     060     003     00
   063     061     002     00
   063     062     001     00
   063     063     000     03


   065     001     000     05
   065     002     001     00
   065     003     002     00
   065     004     001     00
   065     005     000     05
   065     006     005     00
   065     007     002     00
   065     008     001     00
   065     009     002     00
   065     010     005     00
   065     011     010     00
   065     012     005     00
   065     013     000     05
   065     014     009     00
   065     015     005     00
   065     016     001     00
   065     017     014     00
   065     018     011     00
   065     019     008     00
   065     020     005     00
   065     021     002     00
   065     022     021     00
   065     023     019     00
   065     024     017     00
   065     025     015     00
   065     026     013     00
   065     027     011     00
   065     028     009     00
   065     029     007     00
   065     030     005     00
   065     031     003     00
   065     032     001     00
   065     033     032     00
   065     034     031     00
   065     035     030     00
   065     036     029     00
   065     037     028     00
   065     038     027     00
   065     039     026     00
   065     040     025     00
   065     041     024     00
   065     042     023     00
   065     043     022     00
   065     044     021     00
   065     045     020     00
   065     046     019     00
   065     047     018     00
   065     048     017     00
   065     049     016     00
   065     050     015     00
   065     051     014     00
   065     052     013     00
   065     053     012     00
   065     054     011     00
   065     055     010     00
   065     056     009     00
   065     057     008     00
   065     058     007     00
   065     059     006     00
   065     060     005     00
   065     061     004     00
   065     062     003     00
   065     063     002     00
   065     064     001     00
   065     065     000     05


   067     001     000     07
   067     002     001     00
   067     003     001     00
   067     004     003     00
   067     005     002     00
   067     006     001     00
   067     007     004     00
   067     008     003     00
   067     009     004     00
   067     010     007     00
   067     011     001     00
   067     012     007     00
   067     013     002     00
   067     014     011     00
   067     015     007     00
   067     016     003     00
   067     017     016     00
   067     018     013     00
   067     019     010     00
   067     020     007     00
   067     021     004     00
   067     022     001     00
   067     023     021     00
   067     024     019     00
   067     025     017     00
   067     026     015     00
   067     027     013     00
   067     028     011     00
   067     029     009     00
   067     030     007     00
   067     031     005     00
   067     032     003     00
   067     033     001     00
   067     034     033     00
   067     035     032     00
   067     036     031     00
   067     037     030     00
   067     038     029     00
   067     039     028     00
   067     040     027     00
   067     041     026     00
   067     042     025     00
   067     043     024     00
   067     044     023     00
   067     045     022     00
   067     046     021     00
   067     047     020     00
   067     048     019     00
   067     049     018     00
   067     050     017     00
   067     051     016     00
   067     052     015     00
   067     053     014     00
   067     054     013     00
   067     055     012     00
   067     056     011     00
   067     057     010     00
   067     058     009     00
   067     059     008     00
   067     060     007     00
   067     061     006     00
   067     062     005     00
   067     063     004     00
   067     064     003     00
   067     065     002     00
   067     066     001     00
   067     067     000     07


   069     001     000     09
   069     002     001     00
   069     003     000     09
   069     004     001     00
   069     005     004     00
   069     006     003     00
   069     007     006     00
   069     008     005     00
   069     009     006     00
   069     010     009     00
   069     011     003     00
   069     012     009     00
   069     013     004     00
   069     014     013     00
   069     015     009     00
   069     016     005     00
   069     017     001     00
   069     018     015     00
   069     019     012     00
   069     020     009     00
   069     021     006     00
   069     022     003     00
   069     023     000     09
   069     024     021     00
   069     025     019     00
   069     026     017     00
   069     027     015     00
   069     028     013     00
   069     029     011     00
   069     030     009     00
   069     031     007     00
   069     032     005     00
   069     033     003     00
   069     034     001     00
   069     035     034     00
   069     036     033     00
   069     037     032     00
   069     038     031     00
   069     039     030     00
   069     040     029     00
   069     041     028     00
   069     042     027     00
   069     043     026     00
   069     044     025     00
   069     045     024     00
   069     046     023     00
   069     047     022     00
   069     048     021     00
   069     049     020     00
   069     050     019     00
   069     051     018     00
   069     052     017     00
   069     053     016     00
   069     054     015     00
   069     055     014     00
   069     056     013     00
   069     057     012     00
   069     058     011     00
   069     059     010     00
   069     060     009     00
   069     061     008     00
   069     062     007     00
   069     063     006     00
   069     064     005     00
   069     065     004     00
   069     066     003     00
   069     067     002     00
   069     068     001     00
   069     069     000     09


   071     001     000     11
   071     002     001     00
   071     003     002     00
   071     004     003     00
   071     005     001     00
   071     006     005     00
   071     007     001     00
   071     008     007     00
   071     009     008     00
   071     010     001     00
   071     011     005     00
   071     012     011     00
   071     013     006     00
   071     014     001     00
   071     015     011     00
   071     016     007     00
   071     017     003     00
   071     018     017     00
   071     019     014     00
   071     020     011     00
   071     021     008     00
   071     022     005     00
   071     023     002     00
   071     024     023     00
   071     025     021     00
   071     026     019     00
   071     027     017     00
   071     028     015     00
   071     029     013     00
   071     030     011     00
   071     031     009     00
   071     032     007     00
   071     033     005     00
   071     034     003     00
   071     035     001     00
   071     036     035     00
   071     037     034     00
   071     038     033     00
   071     039     032     00
   071     040     031     00
   071     041     030     00
   071     042     029     00
   071     043     028     00
   071     044     027     00
   071     045     026     00
   071     046     025     00
   071     047     024     00
   071     048     023     00
   071     049     022     00
   071     050     021     00
   071     051     020     00
   071     052     019     00
   071     053     018     00
   071     054     017     00
   071     055     016     00
   071     056     015     00
   071     057     014     00
   071     058     013     00
   071     059     012     00
   071     060     011     00
   071     061     010     00
   071     062     009     00
   071     063     008     00
   071     064     007     00
   071     065     006     00
   071     066     005     00
   071     067     004     00
   071     068     003     00
   071     069     002     00
   071     070     001     00
   071     071     000     11


   073     001     000     13
   073     002     001     00
   073     003     001     00
   073     004     001     00
   073     005     003     00
   073     006     001     00
   073     007     003     00
   073     008     001     00
   073     009     001     00
   073     010     003     00
   073     011     007     00
   073     012     001     00
   073     013     008     00
   073     014     003     00
   073     015     013     00
   073     016     009     00
   073     017     005     00
   073     018     001     00
   073     019     016     00
   073     020     013     00
   073     021     010     00
   073     022     007     00
   073     023     004     00
   073     024     001     00
   073     025     023     00
   073     026     021     00
   073     027     019     00
   073     028     017     00
   073     029     015     00
   073     030     013     00
   073     031     011     00
   073     032     009     00
   073     033     007     00
   073     034     005     00
   073     035     003     00
   073     036     001     00
   073     037     036     00
   073     038     035     00
   073     039     034     00
   073     040     033     00
   073     041     032     00
   073     042     031     00
   073     043     030     00
   073     044     029     00
   073     045     028     00
   073     046     027     00
   073     047     026     00
   073     048     025     00
   073     049     024     00
   073     050     023     00
   073     051     022     00
   073     052     021     00
   073     053     020     00
   073     054     019     00
   073     055     018     00
   073     056     017     00
   073     057     016     00
   073     058     015     00
   073     059     014     00
   073     060     013     00
   073     061     012     00
   073     062     011     00
   073     063     010     00
   073     064     009     00
   073     065     008     00
   073     066     007     00
   073     067     006     00
   073     068     005     00
   073     069     004     00
   073     070     003     00
   073     071     002     00
   073     072     001     00
   073     073     000     13


   075     001     000     05
   075     002     001     00
   075     003     000     05
   075     004     003     00
   075     005     000     05
   075     006     003     00
   075     007     005     00
   075     008     003     00
   075     009     003     00
   075     010     005     00
   075     011     009     00
   075     012     003     00
   075     013     010     00
   075     014     005     00
   075     015     000     05
   075     016     011     00
   075     017     007     00
   075     018     003     00
   075     019     018     00
   075     020     015     00
   075     021     012     00
   075     022     009     00
   075     023     006     00
   075     024     003     00
   075     025     000     05
   075     026     023     00
   075     027     021     00
   075     028     019     00
   075     029     017     00
   075     030     015     00
   075     031     013     00
   075     032     011     00
   075     033     009     00
   075     034     007     00
   075     035     005     00
   075     036     003     00
   075     037     001     00
   075     038     037     00
   075     039     036     00
   075     040     035     00
   075     041     034     00
   075     042     033     00
   075     043     032     00
   075     044     031     00
   075     045     030     00
   075     046     029     00
   075     047     028     00
   075     048     027     00
   075     049     026     00
   075     050     025     00
   075     051     024     00
   075     052     023     00
   075     053     022     00
   075     054     021     00
   075     055     020     00
   075     056     019     00
   075     057     018     00
   075     058     017     00
   075     059     016     00
   075     060     015     00
   075     061     014     00
   075     062     013     00
   075     063     012     00
   075     064     011     00
   075     065     010     00
   075     066     009     00
   075     067     008     00
   075     068     007     00
   075     069     006     00
   075     070     005     00
   075     071     004     00
   075     072     003     00
   075     073     002     00
   075     074     001     00
   075     075     000     05


   077     001     000     17
   077     002     001     00
   077     003     002     00
   077     004     001     00
   077     005     002     00
   077     006     005     00
   077     007     000     17
   077     008     005     00
   077     009     005     00
   077     010     007     00
   077     011     000     17
   077     012     005     00
   077     013     012     00
   077     014     007     00
   077     015     002     00
   077     016     013     00
   077     017     009     00
   077     018     005     00
   077     019     001     00
   077     020     017     00
   077     021     014     00
   077     022     011     00
   077     023     008     00
   077     024     005     00
   077     025     002     00
   077     026     025     00
   077     027     023     00
   077     028     021     00
   077     029     019     00
   077     030     017     00
   077     031     015     00
   077     032     013     00
   077     033     011     00
   077     034     009     00
   077     035     007     00
   077     036     005     00
   077     037     003     00
   077     038     001     00
   077     039     038     00
   077     040     037     00
   077     041     036     00
   077     042     035     00
   077     043     034     00
   077     044     033     00
   077     045     032     00
   077     046     031     00
   077     047     030     00
   077     048     029     00
   077     049     028     00
   077     050     027     00
   077     051     026     00
   077     052     025     00
   077     053     024     00
   077     054     023     00
   077     055     022     00
   077     056     021     00
   077     057     020     00
   077     058     019     00
   077     059     018     00
   077     060     017     00
   077     061     016     00
   077     062     015     00
   077     063     014     00
   077     064     013     00
   077     065     012     00
   077     066     011     00
   077     067     010     00
   077     068     009     00
   077     069     008     00
   077     070     007     00
   077     071     006     00
   077     072     005     00
   077     073     004     00
   077     074     003     00
   077     075     002     00
   077     076     001     00
   077     077     000     17


   079     001     000     19
   079     002     001     00
   079     003     001     00
   079     004     003     00
   079     005     004     00
   079     006     001     00
   079     007     002     00
   079     008     007     00
   079     009     007     00
   079     010     009     00
   079     011     002     00
   079     012     007     00
   079     013     001     00
   079     014     009     00
   079     015     004     00
   079     016     015     00
   079     017     011     00
   079     018     007     00
   079     019     003     00
   079     020     019     00
   079     021     016     00
   079     022     013     00
   079     023     010     00
   079     024     007     00
   079     025     004     00
   079     026     001     00
   079     027     025     00
   079     028     023     00
   079     029     021     00
   079     030     019     00
   079     031     017     00
   079     032     015     00
   079     033     013     00
   079     034     011     00
   079     035     009     00
   079     036     007     00
   079     037     005     00
   079     038     003     00
   079     039     001     00
   079     040     039     00
   079     041     038     00
   079     042     037     00
   079     043     036     00
   079     044     035     00
   079     045     034     00
   079     046     033     00
   079     047     032     00
   079     048     031     00
   079     049     030     00
   079     050     029     00
   079     051     028     00
   079     052     027     00
   079     053     026     00
   079     054     025     00
   079     055     024     00
   079     056     023     00
   079     057     022     00
   079     058     021     00
   079     059     020     00
   079     060     019     00
   079     061     018     00
   079     062     017     00
   079     063     016     00
   079     064     015     00
   079     065     014     00
   079     066     013     00
   079     067     012     00
   079     068     011     00
   079     069     010     00
   079     070     009     00
   079     071     008     00
   079     072     007     00
   079     073     006     00
   079     074     005     00
   079     075     004     00
   079     076     003     00
   079     077     002     00
   079     078     001     00
   079     079     000     19


   081     001     000     21
   081     002     001     00
   081     003     000     21
   081     004     001     00
   081     005     001     00
   081     006     003     00
   081     007     004     00
   081     008     001     00
   081     009     000     21
   081     010     001     00
   081     011     004     00
   081     012     009     00
   081     013     003     00
   081     014     011     00
   081     015     006     00
   081     016     001     00
   081     017     013     00
   081     018     009     00
   081     019     005     00
   081     020     001     00
   081     021     018     00
   081     022     015     00
   081     023     012     00
   081     024     009     00
   081     025     006     00
   081     026     003     00
   081     027     000     21
   081     028     025     00
   081     029     023     00
   081     030     021     00
   081     031     019     00
   081     032     017     00
   081     033     015     00
   081     034     013     00
   081     035     011     00
   081     036     009     00
   081     037     007     00
   081     038     005     00
   081     039     003     00
   081     040     001     00
   081     041     040     00
   081     042     039     00
   081     043     038     00
   081     044     037     00
   081     045     036     00
   081     046     035     00
   081     047     034     00
   081     048     033     00
   081     049     032     00
   081     050     031     00
   081     051     030     00
   081     052     029     00
   081     053     028     00
   081     054     027     00
   081     055     026     00
   081     056     025     00
   081     057     024     00
   081     058     023     00
   081     059     022     00
   081     060     021     00
   081     061     020     00
   081     062     019     00
   081     063     018     00
   081     064     017     00
   081     065     016     00
   081     066     015     00
   081     067     014     00
   081     068     013     00
   081     069     012     00
   081     070     011     00
   081     071     010     00
   081     072     009     00
   081     073     008     00
   081     074     007     00
   081     075     006     00
   081     076     005     00
   081     077     004     00
   081     078     003     00
   081     079     002     00
   081     080     001     00
   081     081     000     21


   083     001     000     23
   083     002     001     00
   083     003     002     00
   083     004     003     00
   083     005     003     00
   083     006     005     00
   083     007     006     00
   083     008     003     00
   083     009     002     00
   083     010     003     00
   083     011     006     00
   083     012     011     00
   083     013     005     00
   083     014     013     00
   083     015     008     00
   083     016     003     00
   083     017     015     00
   083     018     011     00
   083     019     007     00
   083     020     003     00
   083     021     020     00
   083     022     017     00
   083     023     014     00
   083     024     011     00
   083     025     008     00
   083     026     005     00
   083     027     002     00
   083     028     027     00
   083     029     025     00
   083     030     023     00
   083     031     021     00
   083     032     019     00
   083     033     017     00
   083     034     015     00
   083     035     013     00
   083     036     011     00
   083     037     009     00
   083     038     007     00
   083     039     005     00
   083     040     003     00
   083     041     001     00
   083     042     041     00
   083     043     040     00
   083     044     039     00
   083     045     038     00
   083     046     037     00
   083     047     036     00
   083     048     035     00
   083     049     034     00
   083     050     033     00
   083     051     032     00
   083     052     031     00
   083     053     030     00
   083     054     029     00
   083     055     028     00
   083     056     027     00
   083     057     026     00
   083     058     025     00
   083     059     024     00
   083     060     023     00
   083     061     022     00
   083     062     021     00
   083     063     020     00
   083     064     019     00
   083     065     018     00
   083     066     017     00
   083     067     016     00
   083     068     015     00
   083     069     014     00
   083     070     013     00
   083     071     012     00
   083     072     011     00
   083     073     010     00
   083     074     009     00
   083     075     008     00
   083     076     007     00
   083     077     006     00
   083     078     005     00
   083     079     004     00
   083     080     003     00
   083     081     002     00
   083     082     001     00
   083     083     000     23


   085     001     000     05
   085     002     001     00
   085     003     001     00
   085     004     001     00
   085     005     000     05
   085     006     001     00
   085     007     001     00
   085     008     005     00
   085     009     004     00
   085     010     005     00
   085     011     008     00
   085     012     001     00
   085     013     007     00
   085     014     001     00
   085     015     010     00
   085     016     005     00
   085     017     000     05
   085     018     013     00
   085     019     009     00
   085     020     005     00
   085     021     001     00
   085     022     019     00
   085     023     016     00
   085     024     013     00
   085     025     010     00
   085     026     007     00
   085     027     004     00
   085     028     001     00
   085     029     027     00
   085     030     025     00
   085     031     023     00
   085     032     021     00
   085     033     019     00
   085     034     017     00
   085     035     015     00
   085     036     013     00
   085     037     011     00
   085     038     009     00
   085     039     007     00
   085     040     005     00
   085     041     003     00
   085     042     001     00
   085     043     042     00
   085     044     041     00
   085     045     040     00
   085     046     039     00
   085     047     038     00
   085     048     037     00
   085     049     036     00
   085     050     035     00
   085     051     034     00
   085     052     033     00
   085     053     032     00
   085     054     031     00
   085     055     030     00
   085     056     029     00
   085     057     028     00
   085     058     027     00
   085     059     026     00
   085     060     025     00
   085     061     024     00
   085     062     023     00
   085     063     022     00
   085     064     021     00
   085     065     020     00
   085     066     019     00
   085     067     018     00
   085     068     017     00
   085     069     016     00
   085     070     015     00
   085     071     014     00
   085     072     013     00
   085     073     012     00
   085     074     011     00
   085     075     010     00
   085     076     009     00
   085     077     008     00
   085     078     007     00
   085     079     006     00
   085     080     005     00
   085     081     004     00
   085     082     003     00
   085     083     002     00
   085     084     001     00
   085     085     000     05


   087     001     000     27
   087     002     001     00
   087     003     000     27
   087     004     003     00
   087     005     002     00
   087     006     003     00
   087     007     003     00
   087     008     007     00
   087     009     006     00
   087     010     007     00
   087     011     010     00
   087     012     003     00
   087     013     009     00
   087     014     003     00
   087     015     012     00
   087     016     007     00
   087     017     002     00
   087     018     015     00
   087     019     011     00
   087     020     007     00
   087     021     003     00
   087     022     021     00
   087     023     018     00
   087     024     015     00
   087     025     012     00
   087     026     009     00
   087     027     006     00
   087     028     003     00
   087     029     000     27
   087     030     027     00
   087     031     025     00
   087     032     023     00
   087     033     021     00
   087     034     019     00
   087     035     017     00
   087     036     015     00
   087     037     013     00
   087     038     011     00
   087     039     009     00
   087     040     007     00
   087     041     005     00
   087     042     003     00
   087     043     001     00
   087     044     043     00
   087     045     042     00
   087     046     041     00
   087     047     040     00
   087     048     039     00
   087     049     038     00
   087     050     037     00
   087     051     036     00
   087     052     035     00
   087     053     034     00
   087     054     033     00
   087     055     032     00
   087     056     031     00
   087     057     030     00
   087     058     029     00
   087     059     028     00
   087     060     027     00
   087     061     026     00
   087     062     025     00
   087     063     024     00
   087     064     023     00
   087     065     022     00
   087     066     021     00
   087     067     020     00
   087     068     019     00
   087     069     018     00
   087     070     017     00
   087     071     016     00
   087     072     015     00
   087     073     014     00
   087     074     013     00
   087     075     012     00
   087     076     011     00
   087     077     010     00
   087     078     009     00
   087     079     008     00
   087     080     007     00
   087     081     006     00
   087     082     005     00
   087     083     004     00
   087     084     003     00
   087     085     002     00
   087     086     001     00
   087     087     000     27


   089     001     000     29
   089     002     001     00
   089     003     002     00
   089     004     001     00
   089     005     004     00
   089     006     005     00
   089     007     005     00
   089     008     001     00
   089     009     008     00
   089     010     009     00
   089     011     001     00
   089     012     005     00
   089     013     011     00
   089     014     005     00
   089     015     014     00
   089     016     009     00
   089     017     004     00
   089     018     017     00
   089     019     013     00
   089     020     009     00
   089     021     005     00
   089     022     001     00
   089     023     020     00
   089     024     017     00
   089     025     014     00
   089     026     011     00
   089     027     008     00
   089     028     005     00
   089     029     002     00
   089     030     029     00
   089     031     027     00
   089     032     025     00
   089     033     023     00
   089     034     021     00
   089     035     019     00
   089     036     017     00
   089     037     015     00
   089     038     013     00
   089     039     011     00
   089     040     009     00
   089     041     007     00
   089     042     005     00
   089     043     003     00
   089     044     001     00
   089     045     044     00
   089     046     043     00
   089     047     042     00
   089     048     041     00
   089     049     040     00
   089     050     039     00
   089     051     038     00
   089     052     037     00
   089     053     036     00
   089     054     035     00
   089     055     034     00
   089     056     033     00
   089     057     032     00
   089     058     031     00
   089     059     030     00
   089     060     029     00
   089     061     028     00
   089     062     027     00
   089     063     026     00
   089     064     025     00
   089     065     024     00
   089     066     023     00
   089     067     022     00
   089     068     021     00
   089     069     020     00
   089     070     019     00
   089     071     018     00
   089     072     017     00
   089     073     016     00
   089     074     015     00
   089     075     014     00
   089     076     013     00
   089     077     012     00
   089     078     011     00
   089     079     010     00
   089     080     009     00
   089     081     008     00
   089     082     007     00
   089     083     006     00
   089     084     005     00
   089     085     004     00
   089     086     003     00
   089     087     002     00
   089     088     001     00
   089     089     000     29


   091     001     000     01
   091     002     001     00
   091     003     001     00
   091     004     003     00
   091     005     001     00
   091     006     001     00
   091     007     000     01
   091     008     003     00
   091     009     001     00
   091     010     001     00
   091     011     003     00
   091     012     007     00
   091     013     000     01
   091     014     007     00
   091     015     001     00
   091     016     011     00
   091     017     006     00
   091     018     001     00
   091     019     015     00
   091     020     011     00
   091     021     007     00
   091     022     003     00
   091     023     022     00
   091     024     019     00
   091     025     016     00
   091     026     013     00
   091     027     010     00
   091     028     007     00
   091     029     004     00
   091     030     001     00
   091     031     029     00
   091     032     027     00
   091     033     025     00
   091     034     023     00
   091     035     021     00
   091     036     019     00
   091     037     017     00
   091     038     015     00
   091     039     013     00
   091     040     011     00
   091     041     009     00
   091     042     007     00
   091     043     005     00
   091     044     003     00
   091     045     001     00
   091     046     045     00
   091     047     044     00
   091     048     043     00
   091     049     042     00
   091     050     041     00
   091     051     040     00
   091     052     039     00
   091     053     038     00
   091     054     037     00
   091     055     036     00
   091     056     035     00
   091     057     034     00
   091     058     033     00
   091     059     032     00
   091     060     031     00
   091     061     030     00
   091     062     029     00
   091     063     028     00
   091     064     027     00
   091     065     026     00
   091     066     025     00
   091     067     024     00
   091     068     023     00
   091     069     022     00
   091     070     021     00
   091     071     020     00
   091     072     019     00
   091     073     018     00
   091     074     017     00
   091     075     016     00
   091     076     015     00
   091     077     014     00
   091     078     013     00
   091     079     012     00
   091     080     011     00
   091     081     010     00
   091     082     009     00
   091     083     008     00
   091     084     007     00
   091     085     006     00
   091     086     005     00
   091     087     004     00
   091     088     003     00
   091     089     002     00
   091     090     001     00
   091     091     000     01


   093     001     000     03
   093     002     001     00
   093     003     000     03
   093     004     001     00
   093     005     003     00
   093     006     003     00
   093     007     002     00
   093     008     005     00
   093     009     003     00
   093     010     003     00
   093     011     005     00
   093     012     009     00
   093     013     002     00
   093     014     009     00
   093     015     003     00
   093     016     013     00
   093     017     008     00
   093     018     003     00
   093     019     017     00
   093     020     013     00
   093     021     009     00
   093     022     005     00
   093     023     001     00
   093     024     021     00
   093     025     018     00
   093     026     015     00
   093     027     012     00
   093     028     009     00
   093     029     006     00
   093     030     003     00
   093     031     000     03
   093     032     029     00
   093     033     027     00
   093     034     025     00
   093     035     023     00
   093     036     021     00
   093     037     019     00
   093     038     017     00
   093     039     015     00
   093     040     013     00
   093     041     011     00
   093     042     009     00
   093     043     007     00
   093     044     005     00
   093     045     003     00
   093     046     001     00
   093     047     046     00
   093     048     045     00
   093     049     044     00
   093     050     043     00
   093     051     042     00
   093     052     041     00
   093     053     040     00
   093     054     039     00
   093     055     038     00
   093     056     037     00
   093     057     036     00
   093     058     035     00
   093     059     034     00
   093     060     033     00
   093     061     032     00
   093     062     031     00
   093     063     030     00
   093     064     029     00
   093     065     028     00
   093     066     027     00
   093     067     026     00
   093     068     025     00
   093     069     024     00
   093     070     023     00
   093     071     022     00
   093     072     021     00
   093     073     020     00
   093     074     019     00
   093     075     018     00
   093     076     017     00
   093     077     016     00
   093     078     015     00
   093     079     014     00
   093     080     013     00
   093     081     012     00
   093     082     011     00
   093     083     010     00
   093     084     009     00
   093     085     008     00
   093     086     007     00
   093     087     006     00
   093     088     005     00
   093     089     004     00
   093     090     003     00
   093     091     002     00
   093     092     001     00
   093     093     000     03


   095     001     000     05
   095     002     001     00
   095     003     002     00
   095     004     003     00
   095     005     000     05
   095     006     005     00
   095     007     004     00
   095     008     007     00
   095     009     005     00
   095     010     005     00
   095     011     007     00
   095     012     011     00
   095     013     004     00
   095     014     011     00
   095     015     005     00
   095     016     015     00
   095     017     010     00
   095     018     005     00
   095     019     000     05
   095     020     015     00
   095     021     011     00
   095     022     007     00
   095     023     003     00
   095     024     023     00
   095     025     020     00
   095     026     017     00
   095     027     014     00
   095     028     011     00
   095     029     008     00
   095     030     005     00
   095     031     002     00
   095     032     031     00
   095     033     029     00
   095     034     027     00
   095     035     025     00
   095     036     023     00
   095     037     021     00
   095     038     019     00
   095     039     017     00
   095     040     015     00
   095     041     013     00
   095     042     011     00
   095     043     009     00
   095     044     007     00
   095     045     005     00
   095     046     003     00
   095     047     001     00
   095     048     047     00
   095     049     046     00
   095     050     045     00
   095     051     044     00
   095     052     043     00
   095     053     042     00
   095     054     041     00
   095     055     040     00
   095     056     039     00
   095     057     038     00
   095     058     037     00
   095     059     036     00
   095     060     035     00
   095     061     034     00
   095     062     033     00
   095     063     032     00
   095     064     031     00
   095     065     030     00
   095     066     029     00
   095     067     028     00
   095     068     027     00
   095     069     026     00
   095     070     025     00
   095     071     024     00
   095     072     023     00
   095     073     022     00
   095     074     021     00
   095     075     020     00
   095     076     019     00
   095     077     018     00
   095     078     017     00
   095     079     016     00
   095     080     015     00
   095     081     014     00
   095     082     013     00
   095     083     012     00
   095     084     011     00
   095     085     010     00
   095     086     009     00
   095     087     008     00
   095     088     007     00
   095     089     006     00
   095     090     005     00
   095     091     004     00
   095     092     003     00
   095     093     002     00
   095     094     001     00
   095     095     000     05


   097     001     000     07
   097     002     001     00
   097     003     001     00
   097     004     001     00
   097     005     002     00
   097     006     001     00
   097     007     006     00
   097     008     001     00
   097     009     007     00
   097     010     007     00
   097     011     009     00
   097     012     001     00
   097     013     006     00
   097     014     013     00
   097     015     007     00
   097     016     001     00
   097     017     012     00
   097     018     007     00
   097     019     002     00
   097     020     017     00
   097     021     013     00
   097     022     009     00
   097     023     005     00
   097     024     001     00
   097     025     022     00
   097     026     019     00
   097     027     016     00
   097     028     013     00
   097     029     010     00
   097     030     007     00
   097     031     004     00
   097     032     001     00
   097     033     031     00
   097     034     029     00
   097     035     027     00
   097     036     025     00
   097     037     023     00
   097     038     021     00
   097     039     019     00
   097     040     017     00
   097     041     015     00
   097     042     013     00
   097     043     011     00
   097     044     009     00
   097     045     007     00
   097     046     005     00
   097     047     003     00
   097     048     001     00
   097     049     048     00
   097     050     047     00
   097     051     046     00
   097     052     045     00
   097     053     044     00
   097     054     043     00
   097     055     042     00
   097     056     041     00
   097     057     040     00
   097     058     039     00
   097     059     038     00
   097     060     037     00
   097     061     036     00
   097     062     035     00
   097     063     034     00
   097     064     033     00
   097     065     032     00
   097     066     031     00
   097     067     030     00
   097     068     029     00
   097     069     028     00
   097     070     027     00
   097     071     026     00
   097     072     025     00
   097     073     024     00
   097     074     023     00
   097     075     022     00
   097     076     021     00
   097     077     020     00
   097     078     019     00
   097     079     018     00
   097     080     017     00
   097     081     016     00
   097     082     015     00
   097     083     014     00
   097     084     013     00
   097     085     012     00
   097     086     011     00
   097     087     010     00
   097     088     009     00
   097     089     008     00
   097     090     007     00
   097     091     006     00
   097     092     005     00
   097     093     004     00
   097     094     003     00
   097     095     002     00
   097     096     001     00
   097     097     000     07


   099     001     000     09
   099     002     001     00
   099     003     000     09
   099     004     003     00
   099     005     004     00
   099     006     003     00
   099     007     001     00
   099     008     003     00
   099     009     000     09
   099     010     009     00
   099     011     000     09
   099     012     003     00
   099     013     008     00
   099     014     001     00
   099     015     009     00
   099     016     003     00
   099     017     014     00
   099     018     009     00
   099     019     004     00
   099     020     019     00
   099     021     015     00
   099     022     011     00
   099     023     007     00
   099     024     003     00
   099     025     024     00
   099     026     021     00
   099     027     018     00
   099     028     015     00
   099     029     012     00
   099     030     009     00
   099     031     006     00
   099     032     003     00
   099     033     000     09
   099     034     031     00
   099     035     029     00
   099     036     027     00
   099     037     025     00
   099     038     023     00
   099     039     021     00
   099     040     019     00
   099     041     017     00
   099     042     015     00
   099     043     013     00
   099     044     011     00
   099     045     009     00
   099     046     007     00
   099     047     005     00
   099     048     003     00
   099     049     001     00
   099     050     049     00
   099     051     048     00
   099     052     047     00
   099     053     046     00
   099     054     045     00
   099     055     044     00
   099     056     043     00
   099     057     042     00
   099     058     041     00
   099     059     040     00
   099     060     039     00
   099     061     038     00
   099     062     037     00
   099     063     036     00
   099     064     035     00
   099     065     034     00
   099     066     033     00
   099     067     032     00
   099     068     031     00
   099     069     030     00
   099     070     029     00
   099     071     028     00
   099     072     027     00
   099     073     026     00
   099     074     025     00
   099     075     024     00
   099     076     023     00
   099     077     022     00
   099     078     021     00
   099     079     020     00
   099     080     019     00
   099     081     018     00
   099     082     017     00
   099     083     016     00
   099     084     015     00
   099     085     014     00
   099     086     013     00
   099     087     012     00
   099     088     011     00
   099     089     010     00
   099     090     009     00
   099     091     008     00
   099     092     007     00
   099     093     006     00
   099     094     005     00
   099     095     004     00
   099     096     003     00
   099     097     002     00
   099     098     001     00
   099     099     000     09


   101     001     000     11
   101     002     001     00
   101     003     002     00
   101     004     001     00
   101     005     001     00
   101     006     005     00
   101     007     003     00
   101     008     005     00
   101     009     002     00
   101     010     001     00
   101     011     002     00
   101     012     005     00
   101     013     010     00
   101     014     003     00
   101     015     011     00
   101     016     005     00
   101     017     016     00
   101     018     011     00
   101     019     006     00
   101     020     001     00
   101     021     017     00
   101     022     013     00
   101     023     009     00
   101     024     005     00
   101     025     001     00
   101     026     023     00
   101     027     020     00
   101     028     017     00
   101     029     014     00
   101     030     011     00
   101     031     008     00
   101     032     005     00
   101     033     002     00
   101     034     033     00
   101     035     031     00
   101     036     029     00
   101     037     027     00
   101     038     025     00
   101     039     023     00
   101     040     021     00
   101     041     019     00
   101     042     017     00
   101     043     015     00
   101     044     013     00
   101     045     011     00
   101     046     009     00
   101     047     007     00
   101     048     005     00
   101     049     003     00
   101     050     001     00
   101     051     050     00
   101     052     049     00
   101     053     048     00
   101     054     047     00
   101     055     046     00
   101     056     045     00
   101     057     044     00
   101     058     043     00
   101     059     042     00
   101     060     041     00
   101     061     040     00
   101     062     039     00
   101     063     038     00
   101     064     037     00
   101     065     036     00
   101     066     035     00
   101     067     034     00
   101     068     033     00
   101     069     032     00
   101     070     031     00
   101     071     030     00
   101     072     029     00
   101     073     028     00
   101     074     027     00
   101     075     026     00
   101     076     025     00
   101     077     024     00
   101     078     023     00
   101     079     022     00
   101     080     021     00
   101     081     020     00
   101     082     019     00
   101     083     018     00
   101     084     017     00
   101     085     016     00
   101     086     015     00
   101     087     014     00
   101     088     013     00
   101     089     012     00
   101     090     011     00
   101     091     010     00
   101     092     009     00
   101     093     008     00
   101     094     007     00
   101     095     006     00
   101     096     005     00
   101     097     004     00
   101     098     003     00
   101     099     002     00
   101     100     001     00
   101     101     000     11


