  01       0001      00     01
  01       0031      01     01
  01       0061      02     01
  01       0091      03     01
  01       0121      04     01
  01       0151      05     01
  01       0181      06     01
  01       0211      07     01
  01       0241      08     01
  01       0271      09     01
  01       0301      10     01
  01       0331      11     01
  01       0361      12     01
  01       0391      13     01
  01       0421      14     01
  01       0451      15     01
  01       0481      16     01
  01       0511      17     01
  01       0541      18     01
  01       0571      19     01
  01       0601      20     01
  01       0631      21     01
  01       0661      22     01
  01       0691      23     01
  01       0721      24     01
  01       0751      25     01
  01       0781      26     01
  01       0811      27     01
  01       0841      28     01
  01       0871      29     01
  01       0901      30     01
  01       0931      31     01
  01       0961      32     01
  01       0991      33     01
  01       1021      34     01
  01       1051      35     01
  01       1081      36     01
  01       1111      37     01
  01       1141      38     01
  01       1171      39     01
  01       1201      40     01
  01       1231      41     01
  01       1261      42     01
  01       1291      43     01
  01       1321      44     01
  01       1351      45     01
  01       1381      46     01
  01       1411      47     01
  01       1441      48     01
  01       1471      49     01
  01       1501      50     01
  01       1531      51     01
  01       1561      52     01
  01       1591      53     01
  01       1621      54     01
  01       1651      55     01
  01       1681      56     01
  01       1711      57     01
  01       1741      58     01
  01       1771      59     01
  01       1801      60     01
  01       1831      61     01
  01       1861      62     01
  01       1891      63     01
  01       1921      64     01
  01       1951      65     01
  01       1981      66     01
  01       2011      67     01
  01       2041      68     01
  01       2071      69     01
  01       2101      70     01
  01       2131      71     01
  07       0007      00     07
  07       0037      01     07
  07       0067      02     07
  07       0097      03     07
  07       0127      04     07
  07       0157      05     07
  07       0187      06     07
  07       0217      07     07
  07       0247      08     07
  07       0277      09     07
  07       0307      10     07
  07       0337      11     07
  07       0367      12     07
  07       0397      13     07
  07       0427      14     07
  07       0457      15     07
  07       0487      16     07
  07       0517      17     07
  07       0547      18     07
  07       0577      19     07
  07       0607      20     07
  07       0637      21     07
  07       0667      22     07
  07       0697      23     07
  07       0727      24     07
  07       0757      25     07
  07       0787      26     07
  07       0817      27     07
  07       0847      28     07
  07       0877      29     07
  07       0907      30     07
  07       0937      31     07
  07       0967      32     07
  07       0997      33     07
  07       1027      34     07
  07       1057      35     07
  07       1087      36     07
  07       1117      37     07
  07       1147      38     07
  07       1177      39     07
  07       1207      40     07
  07       1237      41     07
  07       1267      42     07
  07       1297      43     07
  07       1327      44     07
  07       1357      45     07
  07       1387      46     07
  07       1417      47     07
  07       1447      48     07
  07       1477      49     07
  07       1507      50     07
  07       1537      51     07
  07       1567      52     07
  07       1597      53     07
  07       1627      54     07
  07       1657      55     07
  07       1687      56     07
  07       1717      57     07
  07       1747      58     07
  07       1777      59     07
  07       1807      60     07
  07       1837      61     07
  07       1867      62     07
  07       1897      63     07
  07       1927      64     07
  07       1957      65     07
  07       1987      66     07
  07       2017      67     07
  07       2047      68     07
  07       2077      69     07
  07       2107      70     07
  07       2137      71     07
  11       0011      00     11
  11       0041      01     11
  11       0071      02     11
  11       0101      03     11
  11       0131      04     11
  11       0161      05     11
  11       0191      06     11
  11       0221      07     11
  11       0251      08     11
  11       0281      09     11
  11       0311      10     11
  11       0341      11     11
  11       0371      12     11
  11       0401      13     11
  11       0431      14     11
  11       0461      15     11
  11       0491      16     11
  11       0521      17     11
  11       0551      18     11
  11       0581      19     11
  11       0611      20     11
  11       0641      21     11
  11       0671      22     11
  11       0701      23     11
  11       0731      24     11
  11       0761      25     11
  11       0791      26     11
  11       0821      27     11
  11       0851      28     11
  11       0881      29     11
  11       0911      30     11
  11       0941      31     11
  11       0971      32     11
  11       1001      33     11
  11       1031      34     11
  11       1061      35     11
  11       1091      36     11
  11       1121      37     11
  11       1151      38     11
  11       1181      39     11
  11       1211      40     11
  11       1241      41     11
  11       1271      42     11
  11       1301      43     11
  11       1331      44     11
  11       1361      45     11
  11       1391      46     11
  11       1421      47     11
  11       1451      48     11
  11       1481      49     11
  11       1511      50     11
  11       1541      51     11
  11       1571      52     11
  11       1601      53     11
  11       1631      54     11
  11       1661      55     11
  11       1691      56     11
  11       1721      57     11
  11       1751      58     11
  11       1781      59     11
  11       1811      60     11
  11       1841      61     11
  11       1871      62     11
  11       1901      63     11
  11       1931      64     11
  11       1961      65     11
  11       1991      66     11
  11       2021      67     11
  11       2051      68     11
  11       2081      69     11
  11       2111      70     11
  11       2141      71     11
  13       0013      00     13
  13       0043      01     13
  13       0073      02     13
  13       0103      03     13
  13       0133      04     13
  13       0163      05     13
  13       0193      06     13
  13       0223      07     13
  13       0253      08     13
  13       0283      09     13
  13       0313      10     13
  13       0343      11     13
  13       0373      12     13
  13       0403      13     13
  13       0433      14     13
  13       0463      15     13
  13       0493      16     13
  13       0523      17     13
  13       0553      18     13
  13       0583      19     13
  13       0613      20     13
  13       0643      21     13
  13       0673      22     13
  13       0703      23     13
  13       0733      24     13
  13       0763      25     13
  13       0793      26     13
  13       0823      27     13
  13       0853      28     13
  13       0883      29     13
  13       0913      30     13
  13       0943      31     13
  13       0973      32     13
  13       1003      33     13
  13       1033      34     13
  13       1063      35     13
  13       1093      36     13
  13       1123      37     13
  13       1153      38     13
  13       1183      39     13
  13       1213      40     13
  13       1243      41     13
  13       1273      42     13
  13       1303      43     13
  13       1333      44     13
  13       1363      45     13
  13       1393      46     13
  13       1423      47     13
  13       1453      48     13
  13       1483      49     13
  13       1513      50     13
  13       1543      51     13
  13       1573      52     13
  13       1603      53     13
  13       1633      54     13
  13       1663      55     13
  13       1693      56     13
  13       1723      57     13
  13       1753      58     13
  13       1783      59     13
  13       1813      60     13
  13       1843      61     13
  13       1873      62     13
  13       1903      63     13
  13       1933      64     13
  13       1963      65     13
  13       1993      66     13
  13       2023      67     13
  13       2053      68     13
  13       2083      69     13
  13       2113      70     13
  13       2143      71     13
  17       0017      00     17
  17       0047      01     17
  17       0077      02     17
  17       0107      03     17
  17       0137      04     17
  17       0167      05     17
  17       0197      06     17
  17       0227      07     17
  17       0257      08     17
  17       0287      09     17
  17       0317      10     17
  17       0347      11     17
  17       0377      12     17
  17       0407      13     17
  17       0437      14     17
  17       0467      15     17
  17       0497      16     17
  17       0527      17     17
  17       0557      18     17
  17       0587      19     17
  17       0617      20     17
  17       0647      21     17
  17       0677      22     17
  17       0707      23     17
  17       0737      24     17
  17       0767      25     17
  17       0797      26     17
  17       0827      27     17
  17       0857      28     17
  17       0887      29     17
  17       0917      30     17
  17       0947      31     17
  17       0977      32     17
  17       1007      33     17
  17       1037      34     17
  17       1067      35     17
  17       1097      36     17
  17       1127      37     17
  17       1157      38     17
  17       1187      39     17
  17       1217      40     17
  17       1247      41     17
  17       1277      42     17
  17       1307      43     17
  17       1337      44     17
  17       1367      45     17
  17       1397      46     17
  17       1427      47     17
  17       1457      48     17
  17       1487      49     17
  17       1517      50     17
  17       1547      51     17
  17       1577      52     17
  17       1607      53     17
  17       1637      54     17
  17       1667      55     17
  17       1697      56     17
  17       1727      57     17
  17       1757      58     17
  17       1787      59     17
  17       1817      60     17
  17       1847      61     17
  17       1877      62     17
  17       1907      63     17
  17       1937      64     17
  17       1967      65     17
  17       1997      66     17
  17       2027      67     17
  17       2057      68     17
  17       2087      69     17
  17       2117      70     17
  17       2147      71     17
  19       0019      00     19
  19       0049      01     19
  19       0079      02     19
  19       0109      03     19
  19       0139      04     19
  19       0169      05     19
  19       0199      06     19
  19       0229      07     19
  19       0259      08     19
  19       0289      09     19
  19       0319      10     19
  19       0349      11     19
  19       0379      12     19
  19       0409      13     19
  19       0439      14     19
  19       0469      15     19
  19       0499      16     19
  19       0529      17     19
  19       0559      18     19
  19       0589      19     19
  19       0619      20     19
  19       0649      21     19
  19       0679      22     19
  19       0709      23     19
  19       0739      24     19
  19       0769      25     19
  19       0799      26     19
  19       0829      27     19
  19       0859      28     19
  19       0889      29     19
  19       0919      30     19
  19       0949      31     19
  19       0979      32     19
  19       1009      33     19
  19       1039      34     19
  19       1069      35     19
  19       1099      36     19
  19       1129      37     19
  19       1159      38     19
  19       1189      39     19
  19       1219      40     19
  19       1249      41     19
  19       1279      42     19
  19       1309      43     19
  19       1339      44     19
  19       1369      45     19
  19       1399      46     19
  19       1429      47     19
  19       1459      48     19
  19       1489      49     19
  19       1519      50     19
  19       1549      51     19
  19       1579      52     19
  19       1609      53     19
  19       1639      54     19
  19       1669      55     19
  19       1699      56     19
  19       1729      57     19
  19       1759      58     19
  19       1789      59     19
  19       1819      60     19
  19       1849      61     19
  19       1879      62     19
  19       1909      63     19
  19       1939      64     19
  19       1969      65     19
  19       1999      66     19
  19       2029      67     19
  19       2059      68     19
  19       2089      69     19
  19       2119      70     19
  19       2149      71     19
  23       0023      00     23
  23       0053      01     23
  23       0083      02     23
  23       0113      03     23
  23       0143      04     23
  23       0173      05     23
  23       0203      06     23
  23       0233      07     23
  23       0263      08     23
  23       0293      09     23
  23       0323      10     23
  23       0353      11     23
  23       0383      12     23
  23       0413      13     23
  23       0443      14     23
  23       0473      15     23
  23       0503      16     23
  23       0533      17     23
  23       0563      18     23
  23       0593      19     23
  23       0623      20     23
  23       0653      21     23
  23       0683      22     23
  23       0713      23     23
  23       0743      24     23
  23       0773      25     23
  23       0803      26     23
  23       0833      27     23
  23       0863      28     23
  23       0893      29     23
  23       0923      30     23
  23       0953      31     23
  23       0983      32     23
  23       1013      33     23
  23       1043      34     23
  23       1073      35     23
  23       1103      36     23
  23       1133      37     23
  23       1163      38     23
  23       1193      39     23
  23       1223      40     23
  23       1253      41     23
  23       1283      42     23
  23       1313      43     23
  23       1343      44     23
  23       1373      45     23
  23       1403      46     23
  23       1433      47     23
  23       1463      48     23
  23       1493      49     23
  23       1523      50     23
  23       1553      51     23
  23       1583      52     23
  23       1613      53     23
  23       1643      54     23
  23       1673      55     23
  23       1703      56     23
  23       1733      57     23
  23       1763      58     23
  23       1793      59     23
  23       1823      60     23
  23       1853      61     23
  23       1883      62     23
  23       1913      63     23
  23       1943      64     23
  23       1973      65     23
  23       2003      66     23
  23       2033      67     23
  23       2063      68     23
  23       2093      69     23
  23       2123      70     23
  23       2153      71     23
