#z      #x      #y     000
0       0       0      000
0       1       0      000
0       2       0      000
0       3       0      000
0       4       0      000
0       5       0      000
0       6       0      000
0       7       0      000
0       8       0      000
0       9       0      000
0       10      0      000
0       11      0      000
0       12      0      000
0       13      0      000
0       14      0      000
0       15      0      000
0       16      0      000
0       17      0      000
0       18      0      000
0       19      0      000
0       20      0      000
0       21      0      000
0       22      0      000
0       23      0      000
0       24      0      000
0       25      0      000
0       26      0      000
0       27      0      000
0       28      0      000
0       29      0      000
0       30      0      000
                       000
                       000
#z      #x      #y     000
1       0       0      5
1       1       1      5
1       2       2      5
1       3       3      5
1       4       4      5
1       5       5      5
1       6       6      5
1       7       7      5
1       8       8      5
1       9       9      5
1       10      10     5
1       11      11     5
1       12      12     5
1       13      13     5
1       14      14     5
1       15      15     5
1       16      16     5
1       17      17     5
1       18      18     5
1       19      19     5
1       20      20     5
1       21      21     5
1       22      22     5
1       23      23     5
1       24      24     5
1       25      25     5
1       26      26     5
1       27      27     5
1       28      28     5
1       29      29     5
1       30      30     5


#z      #x      #y     000
2       0       0      000
2       1       2      000
2       2       4      000
2       3       6      000
2       4       8      000
2       5       10     000
2       6       12     000
2       7       14     000
2       8       16     000
2       9       18     000
2       10      20     000
2       11      22     000
2       12      24     000
2       13      26     000
2       14      28     000
2       15       0     000
2       15      30     000
2       16      2      000
2       17      4      000
2       18      6      000
2       19      8      000
2       20      10     000
2       21      12     000
2       22      14     000
2       23      16     000
2       24      18     000
2       25      20     000
2       26      22     000
2       27      24     000
2       28      26     000
2       29      28     000
2       30      30     000


#z      #x      #y     000
3       0       0      000
3       1       3      000
3       2       6      000
3       3       9      000
3       4       12     000
3       5       15     000
3       6       18     000
3       7       21     000
3       8       24     000
3       9       27     000
3       10      0      000
3       10      30     000
3       11      3      000
3       12      6      000
3       13      9      000
3       14      12     000
3       15      15     000
3       16      18     000
3       17      21     000
3       18      24     000
3       19      27     000
3       20      0      000
3       20      30     000
3       21      3      000
3       22      6      000
3       23      9      000
3       24      12     000
3       25      15     000
3       26      18     000
3       27      21     000
3       28      24     000
3       29      27     000
3       30      0      000
3       30      30     000


#z      #x      #y     000
4       0       0      000
4       1       4      000
4       2       8      000
4       3       12     000
4       4       16     000
4       5       20     000
4       6       24     000
4       7       28     000
4       8       2      000
4       9       6      000
4       10      10     000
4       11      14     000
4       12      18     000
4       13      22     000
4       14      26     000
4       15      0      000
4       15      30     000
4       16      4      000
4       17      8      000
4       18      12     000
4       19      16     000
4       20      20     000
4       21      24     000
4       22      28     000
4       23      2      000
4       24      6      000
4       25      10     000
4       26      14     000
4       27      18     000
4       28      22     000
4       29      26     000
4       30      0      000
4       30      30     000


#z      #x      #y     000
5       0       0      000
5       1       5      000
5       2       10     000
5       3       15     000
5       4       20     000
5       5       25     000
5       6       0      000
5       6       30     000
5       7       0      000
5       8       5      000
5       9       10     000
5       10      15     000
5       11      20     000
5       12      25     000
5       13      0      000
5       13      30     000
5       14      0      000
5       15      5      000
5       16      10     000
5       17      15     000
5       18      20     000
5       19      25     000
5       20      0      000
5       20      30     000
5       21      0      000
5       22      5      000
5       23      10     000
5       24      15     000
5       25      20     000
5       26      25     000
5       27      0      000
5       27      30     000
5       28      0      000
5       29      5      000
5       30      10     000


#z      #x      #y     000
6       0       0      000
6       1       6      000
6       2       12     000
6       3       18     000
6       4       24     000
6       5       0      000
6       5       30     000
6       6       6      000
6       7       12     000
6       8       18     000
6       9       24     000
6       10      30     000
6       11      6      000
6       12      12     000
6       13      18     000
6       14      24     000
6       15      0      000
6       15      30     000
6       16      6      000
6       17      12     000
6       18      18     000
6       19      24     000
6       20      0      000
6       20      30     000
6       21      6      000
6       22      12     000
6       23      18     000
6       24      24     000
6       25      0      000
6       25      30     000
6       26      6      000
6       27      12     000
6       28      18     000
6       29      24     000
6       30      0      000
6       30      30     000


#z      #x      #y     000
7       0       0      5
7       1       7      5
7       2       14     5
7       3       21     5
7       4       28     5
7       5       5      5
7       6       12     5
7       7       19     5
7       8       26     5
7       9       3      5
7       10      10     5
7       11      17     5
7       12      24     5
7       13      1      5
7       14      8      5
7       15      15     5
7       16      22     5
7       17      29     5
7       18      6      5
7       19      13     5
7       20      20     5
7       21      27     5
7       22      4      5
7       23      11     5
7       24      18     5
7       25      25     5
7       26      2      5
7       27      9      5
7       28      16     5
7       29      23     5
7       30      30     5


#z      #x      #y     000
8       0       0      000
8       1       8      000
8       2       16     000
8       3       24     000
8       4       2      000
8       5       10     000
8       6       18     000
8       7       26     000
8       8       4      000
8       9       12     000
8       10      20     000
8       11      28     000
8       12      6      000
8       13      14     000
8       14      22     000
8       15      0      000
8       15      30     000
8       16      8      000
8       17      16     000
8       18      24     000
8       19      2      000
8       20      10     000
8       21      18     000
8       22      26     000
8       23      4      000
8       24      12     000
8       25      20     000
8       26      28     000
8       27      6      000
8       28      14     000
8       29      22     000
8       30      0      000
8       30      30     000


#z      #x      #y     000
9       0       0      000
9       1       9      000
9       2       18     000
9       3       27     000
9       4       6      000
9       5       15     000
9       6       24     000
9       7       3      000
9       8       12     000
9       9       21     000
9       10      0      000
9       10      30     000
9       11      9      000
9       12      18     000
9       13      27     000
9       14      6      000
9       15      15     000
9       16      24     000
9       17      3      000
9       18      12     000
9       19      21     000
9       20      0      000
9       20      30     000
9       21      9      000
9       22      18     000
9       23      27     000
9       24      6      000
9       25      15     000
9       26      24     000
9       27      3      000
9       28      12     000
9       29      21     000
9       30      0      000
9       30      30     000


#z      #x      #y     000
10      0       0      000
10      1       10     000
10      2       20     000
10      3       0      000
10      3       30     000
10      4       10     000
10      5       20     000
10      6       0      000
10      6       30     000
10      7       10     000
10      8       20     000
10      9       0      000
10      9       30     000
10      10      10     000
10      11      20     000
10      12      0      000
10      12      30     000
10      13      10     000
10      14      20     000
10      15      0      000
10      15      30     000
10      16      10     000
10      17      20     000
10      18      0      000
10      18      30     000
10      19      10     000
10      20      20     000
10      21      0      000
10      21      30     000
10      22      10     000
10      23      20     000
10      24      0      000
10      24      30     000
10      25      10     000
10      26      20     000
10      27      0      000
10      27      30     000
10      28      10     000
10      29      20     000
10      30      0      000
10      30      30     000


#z      #x      #y     000
11      0       0      5
11      1       11     5
11      2       22     5
11      3       3      5
11      4       14     5
11      5       25     5
11      6       6      5
11      7       17     5
11      8       28     5
11      9       9      5
11      10      20     5
11      11      1      5
11      12      12     5
11      13      23     5
11      14      4      5
11      15      15     5
11      16      26     5
11      17      7      5
11      18      18     5
11      19      29     5
11      20      10     5
11      21      21     5
11      22      2      5
11      23      13     5
11      24      24     5
11      25      5      5
11      26      16     5
11      27      27     5
11      28      8      5
11      29      19     5
11      30      0      5
11      30      30     5


#z      #x      #y     000
12      0       0      000
12      1       12     000
12      2       24     000
12      3       6      000
12      4       18     000
12      5       00     000
12      5       30     000
12      6       12     000
12      7       24     000
12      8       6      000
12      9       18     000
12      10      00     000
12      10      30     000
12      11      12     000
12      12      24     000
12      13      6      000
12      14      18     000
12      15      00     000
12      15      30     000
12      16      12     000
12      17      24     000
12      18      6      000
12      19      18     000
12      20      00     000
12      20      30     000
12      21      12     000
12      22      24     000
12      23      6      000
12      24      18     000
12      25      00     000
12      25      30     000
12      26      12     000
12      27      24     000
12      28      6      000
12      29      18     000
12      30      00     000
12      30      30     000


#z      #x      #y     000
13      0       0      5
13      1       13     5
13      2       26     5
13      3       9      5
13      4       22     5
13      5       5      5
13      6       18     5
13      7       1      5
13      8       14     5
13      9       27     5
13      10      10     5
13      11      23     5
13      12      6      5
13      13      19     5
13      14      2      5
13      15      15     5
13      16      28     5
13      17      11     5
13      18      24     5
13      19      7      5
13      20      20     5
13      21      3      5
13      22      16     5
13      23      29     5
13      24      12     5
13      25      25     5
13      26      8      5
13      27      21     5
13      28      4      5
13      29      17     5
13      30      30     5


#z      #x      #y     000
14      0       0      000
14      1       14     000
14      2       28     000
14      3       12     000
14      4       26     000
14      5       10     000
14      6       24     000
14      7       8      000
14      8       22     000
14      9       6      000
14      10      20     000
14      11      4      000
14      12      18     000
14      13      2      000
14      14      16     000
14      15      00     000
14      15      30     000
14      16      14     000
14      17      28     000
14      18      12     000
14      19      26     000
14      20      10     000
14      21      24     000
14      22      8      000
14      23      22     000
14      24      6      000
14      25      20     000
14      26      4      000
14      27      18     000
14      28      2      000
14      29      16     000
14      30      00     000
14      30      30     000


#z      #x      #y     000
15      0       0      000
15      1       15     000
15      2       00     000
15      2       30     000
15      3       15     000
15      4       00     000
15      4       30     000
15      5       15     000
15      6       00     000
15      6       30     000
15      7       15     000
15      8       00     000
15      8       30     000
15      9       15     000
15      10      00     000
15      10      30     000
15      11      15     000
15      12      00     000
15      12      30     000
15      13      15     000
15      14      00     000
15      14      30     000
15      15      15     000
15      16      00     000
15      16      30     000
15      17      15     000
15      18      00     000
15      18      30     000
15      19      15     000
15      20      00     000
15      20      30     000
15      21      15     000
15      22      00     000
15      22      30     000
15      23      15     000
15      24      00     000
15      24      30     000
15      25      15     000
15      26      00     000
15      26      30     000
15      27      15     000
15      28      00     000
15      28      30     000
15      29      15     000
15      30      00     000
15      30      30     000


#z      #x      #y     000
16      0       0      000
16      1       16     000
16      2       2      000
16      3       18     000
16      4       4      000
16      5       20     000
16      6       6      000
16      7       22     000
16      8       8      000
16      9       24     000
16      10      10     000
16      11      26     000
16      12      12     000
16      13      28     000
16      14      14     000
16      15      00     000
16      15      30     000
16      16      16     000
16      17      2      000
16      18      18     000
16      19      4      000
16      20      20     000
16      21      6      000
16      22      22     000
16      23      8      000
16      24      24     000
16      25      10     000
16      26      26     000
16      27      12     000
16      28      28     000
16      29      14     000
16      30      00     000
16      30      30     000


#z      #x      #y     000
17      0       0      5
17      1       17     5
17      2       4      5
17      3       21     5
17      4       8      5
17      5       25     5
17      6       12     5
17      7       29     5
17      8       16     5
17      9       3      5
17      10      20     5
17      11      7      5
17      12      24     5
17      13      11     5
17      14      28     5
17      15      15     5
17      16      2      5
17      17      19     5
17      18      6      5
17      19      23     5
17      20      10     5
17      21      27     5
17      22      14     5
17      23      1      5
17      24      18     5
17      25      5      5
17      26      22     5
17      27      9      5
17      28      26     5
17      29      13     5
17      30      00     5
17      30      30     5


#z      #x      #y     000
18      0       0      000
18      1       18     000
18      2       6      000
18      3       24     000
18      4       12     000
18      5       00     000
18      5       30     000
18      6       18     000
18      7       6      000
18      8       24     000
18      9       12     000
18      10      00     000
18      10      30     000
18      11      18     000
18      12      6      000
18      13      24     000
18      14      12     000
18      15      00     000
18      15      30     000
18      16      18     000
18      17      6      000
18      18      24     000
18      19      12     000
18      20      00     000
18      20      30     000
18      21      18     000
18      22      6      000
18      23      24     000
18      24      12     000
18      25      00     000
18      25      30     000
18      26      18     000
18      27      6      000
18      28      24     000
18      29      12     000
18      30      00     000
18      30      30     000


#z      #x      #y     000
19      0       0      5
19      1       19     5
19      2       8      5
19      3       27     5
19      4       16     5
19      5       5      5
19      6       24     5
19      7       13     5
19      8       2      5
19      9       21     5
19      10      10     5
19      11      29     5
19      12      18     5
19      13      7      5
19      14      26     5
19      15      15     5
19      16      4      5
19      17      23     5
19      18      12     5
19      19      1      5
19      20      20     5
19      21      9      5
19      22      28     5
19      23      17     5
19      24      6      5
19      25      25     5
19      26      14     5
19      27      3      5
19      28      22     5
19      29      11     5
19      30      00     5
19      30      30     5


#z      #x      #y     000
20      0       0      000
20      1       20     000
20      2       10     000
20      3       00     000
20      3       30     000
20      4       20     000
20      5       10     000
20      6       00     000
20      6       30     000
20      7       20     000
20      8       10     000
20      9       00     000
20      9       30     000
20      10      20     000
20      11      10     000
20      12      00     000
20      12      30     000
20      13      20     000
20      14      10     000
20      15      00     000
20      15      30     000
20      16      20     000
20      17      10     000
20      18      00     000
20      18      30     000
20      19      20     000
20      20      10     000
20      21      00     000
20      21      30     000
20      22      20     000
20      23      10     000
20      24      00     000
20      24      30     000
20      25      20     000
20      26      10     000
20      27      00     000
20      27      30     000
20      28      20     000
20      29      10     000
20      30      00     000
20      30      30     000


#z      #x      #y     000
21      0       0      000
21      1       21     000
21      2       12     000
21      3       3      000
21      4       24     000
21      5       15     000
21      6       6      000
21      7       27     000
21      8       18     000
21      9       9      000
21      10      00     000
21      10      30     000
21      11      21     000
21      12      12     000
21      13      3      000
21      14      24     000
21      15      15     000
21      16      6      000
21      17      27     000
21      18      18     000
21      19      9      000
21      20      00     000
21      20      30     000
21      21      21     000
21      22      12     000
21      23      3      000
21      24      24     000
21      25      15     000
21      26      6      000
21      27      27     000
21      28      18     000
21      29      9      000
21      30      00     000
21      30      30     000


#z      #x      #y     000
22      0       0      000
22      1       22     000
22      2       14     000
22      3       6      000
22      4       28     000
22      5       20     000
22      6       12     000
22      7       4      000
22      8       26     000
22      9       18     000
22      10      10     000
22      11      2      000
22      12      24     000
22      13      16     000
22      14      8      000
22      15      00     000
22      15      30     000
22      16      22     000
22      17      14     000
22      18      6      000
22      19      28     000
22      20      20     000
22      21      12     000
22      22      4      000
22      23      26     000
22      24      18     000
22      25      10     000
22      26      2      000
22      27      24     000
22      28      16     000
22      29      8      000
22      30      00     000
22      30      30     000


#z      #x      #y     000
23      0       0      5
23      1       23     5
23      2       16     5
23      3       9      5
23      4       2      5
23      5       25     5
23      6       18     5
23      7       11     5
23      8       4      5
23      9       27     5
23      10      20     5
23      11      13     5
23      12      6      5
23      13      29     5
23      14      22     5
23      15      15     5
23      16      8      5
23      17      1      5
23      18      24     5
23      19      17     5
23      20      10     5
23      21      3      5
23      22      26     5
23      23      19     5
23      24      12     5
23      25      5      5
23      26      28     5
23      27      21     5
23      28      14     5
23      29      7      5
23      30      00     5
23      30      30     5


#z      #x      #y     000
24      0       0      000
24      1       24     000
24      2       18     000
24      3       12     000
24      4       6      000
24      5       00     000
24      5       30     000
24      6       24     000
24      7       18     000
24      8       12     000
24      9       6      000
24      10      00     000
24      10      30     000
24      11      24     000
24      12      18     000
24      13      12     000
24      14      6      000
24      15      00     000
24      15      30     000
24      16      24     000
24      17      18     000
24      18      12     000
24      19      6      000
24      20      00     000
24      20      30     000
24      21      24     000
24      22      18     000
24      23      12     000
24      24      6      000
24      25      00     000
24      25      30     000
24      26      24     000
24      27      18     000
24      28      12     000
24      29      6      000
24      30      00     000
24      30      30     000


#z      #x      #y     000
25      0       0      000
25      1       25     000
25      2       20     000
25      3       15     000
25      4       10     000
25      5       5      000
25      6       00     000
25      6       30     000
25      7       25     000
25      8       20     000
25      9       15     000
25      10      10     000
25      11      5      000
25      12      00     000
25      12      30     000
25      13      25     000
25      14      20     000
25      15      15     000
25      16      10     000
25      17      5      000
25      18      00     000
25      18      30     000
25      19      25     000
25      20      20     000
25      21      15     000
25      22      10     000
25      23      5      000
25      24      00     000
25      24      30     000
25      25      25     000
25      26      20     000
25      27      15     000
25      28      10     000
25      29      5      000
25      30      00     000
25      30      30     000


#z      #x      #y     000
26      0       0      000
26      1       26     000
26      2       22     000
26      3       18     000
26      4       14     000
26      5       10     000
26      6       6      000
26      7       2      000
26      8       28     000
26      9       24     000
26      10      20     000
26      11      16     000
26      12      12     000
26      13      8      000
26      14      4      000
26      15      00     000
26      15      30     000
26      16      26     000
26      17      22     000
26      18      18     000
26      19      14     000
26      20      10     000
26      21      6      000
26      22      2      000
26      23      28     000
26      24      24     000
26      25      20     000
26      26      16     000
26      27      12     000
26      28      8      000
26      29      4      000
26      30      00     000
26      30      30     000


#z      #x      #y     000
27      0       0      000
27      1       27     000
27      2       24     000
27      3       21     000
27      4       18     000
27      5       15     000
27      6       12     000
27      7       9      000
27      8       6      000
27      9       3      000
27      10      00     000
27      10      30     000
27      11      27     000
27      12      24     000
27      13      21     000
27      14      18     000
27      15      15     000
27      16      12     000
27      17      9      000
27      18      6      000
27      19      3      000
27      20      00     000
27      20      30     000
27      21      27     000
27      22      24     000
27      23      21     000
27      24      18     000
27      25      15     000
27      26      12     000
27      27      9      000
27      28      6      000
27      29      3      000
27      30      00     000
27      30      30     000


#z      #x      #y     000
28      0       0      000
28      1       28     000
28      2       26     000
28      3       24     000
28      4       22     000
28      5       20     000
28      6       18     000
28      7       16     000
28      8       14     000
28      9       12     000
28      10      10     000
28      11      8      000
28      12      6      000
28      13      4      000
28      14      2      000
28      15      00     000
28      15      30     000
28      16      28     000
28      17      26     000
28      18      24     000
28      19      22     000
28      20      20     000
28      21      18     000
28      22      16     000
28      23      14     000
28      24      12     000
28      25      10     000
28      26      8      000
28      27      6      000
28      28      4      000
28      29      2      000
28      30      00     000
28      30      30     000


#z      #x      #y     000
29      0       0      5
29      1       29     5
29      2       28     5
29      3       27     5
29      4       26     5
29      5       25     5
29      6       24     5
29      7       23     5
29      8       22     5
29      9       21     5
29      10      20     5
29      11      19     5
29      12      18     5
29      13      17     5
29      14      16     5
29      15      15     5
29      16      14     5
29      17      13     5
29      18      12     5
29      19      11     5
29      20      10     5
29      21      9      5
29      22      8      5
29      23      7      5
29      24      6      5
29      25      5      5
29      26      4      5
29      27      3      5
29      28      2      5
29      29      1      5
29      30      0      5


#z      #x      #y     000
30       0      00     000
30       0      00     000
30       1      00     000
30       1      30     000
30       2      00     000
30       2      30     000
30       3      00     000
30       3      30     000
30       4      00     000
30       4      30     000
30       5      00     000
30       5      30     000
30       6      00     000
30       6      30     000
30       7      00     000
30       7      30     000
30       8      00     000
30       8      30     000
30       9      00     000
30       9      30     000
30      10      00     000
30      10      30     000
30      11      00     000
30      11      30     000
30      12      00     000
30      12      30     000
30      13      00     000
30      13      30     000
30      14      00     000
30      14      30     000
30      15      00     000
30      15      30     000
30      16      00     000
30      16      30     000
30      17      00     000
30      17      30     000
30      18      00     000
30      18      30     000
30      19      00     000
30      19      30     000
30      20      00     000
30      20      30     000
30      21      00     000
30      21      30     000
30      22      00     000
30      22      30     000
30      23      00     000
30      23      30     000
30      24      00     000
30      24      30     000
30      25      00     000
30      25      30     000
30      26      00     000
30      26      30     000
30      27      00     000
30      27      30     000
30      28      00     000
30      28      30     000
30      29      00     000
30      29      30     000
30      30      00     000
30      30      30     000


#z2      #x2     #z2   000c2
0       30      30     000
0       31      30     000
0       32      30     000
0       33      30     000
0       34      30     000
0       35      30     000
0       36      30     000
0       37      30     000
0       38      30     000
0       39      30     000
0       40      30     000
0       41      30     000
0       42      30     000
0       43      30     000
0       44      30     000
0       45      30     000
0       46      30     000
0       47      30     000
0       48      30     000
0       49      30     000
0       50      30     000
0       51      30     000
0       52      30     000
0       53      30     000
0       54      30     000
0       55      30     000
0       56      30     000
0       57      30     000
0       58      30     000
0       59      30     000
0       60      30     000


#z2      #x2     #z2   000c2
1       30      30     5
1       31      31     5
1       32      32     5
1       33      33     5
1       34      34     5
1       35      35     5
1       36      36     5
1       37      37     5
1       38      38     5
1       39      39     5
1       40      40     5
1       41      41     5
1       42      42     5
1       43      43     5
1       44      44     5
1       45      45     5
1       46      46     5
1       47      47     5
1       48      48     5
1       49      49     5
1       50      50     5
1       51      51     5
1       52      52     5
1       53      53     5
1       54      54     5
1       55      55     5
1       56      56     5
1       57      57     5
1       58      58     5
1       59      59     5
1       60      60     5


#z2      #x2     #z2   000c2
2       30      30     000
2       31      32     000
2       32      34     000
2       33      36     000
2       34      38     000
2       35      40     000
2       36      42     000
2       37      44     000
2       38      46     000
2       39      48     000
2       40      50     000
2       41      52     000
2       42      54     000
2       43      56     000
2       44      58     000
2       45      30     000
2       45      60     000
2       46      32     000
2       47      34     000
2       48      36     000
2       49      38     000
2       50      40     000
2       51      42     000
2       52      44     000
2       53      46     000
2       54      48     000
2       55      50     000
2       56      52     000
2       57      54     000
2       58      56     000
2       59      58     000
2       60      60     000


#z2      #x2     #z2   000c2
3       30      30     000
3       31      33     000
3       32      36     000
3       33      39     000
3       34      42     000
3       35      45     000
3       36      48     000
3       37      51     000
3       38      54     000
3       39      57     000
3       40      30     000
3       40      60     000
3       41      33     000
3       42      36     000
3       43      39     000
3       44      42     000
3       45      45     000
3       46      48     000
3       47      51     000
3       48      54     000
3       49      57     000
3       50      30     000
3       50      60     000
3       51      33     000
3       52      36     000
3       53      39     000
3       54      42     000
3       55      45     000
3       56      48     000
3       57      51     000
3       58      54     000
3       59      57     000
3       60      30     000
3       60      60     000


#z2      #x2     #z2   000c2
4       30      30     000
4       31      34     000
4       32      38     000
4       33      42     000
4       34      46     000
4       35      50     000
4       36      54     000
4       37      58     000
4       38      32     000
4       39      36     000
4       40      40     000
4       41      44     000
4       42      48     000
4       43      52     000
4       44      56     000
4       45      30     000
4       45      60     000
4       46      34     000
4       47      38     000
4       48      42     000
4       49      46     000
4       50      50     000
4       51      54     000
4       52      58     000
4       53      32     000
4       54      36     000
4       55      40     000
4       56      44     000
4       57      48     000
4       58      52     000
4       59      56     000
4       60      30     000
4       60      60     000


#z2      #x2     #z2   000c2
5       30      30     000
5       31      35     000
5       32      40     000
5       33      45     000
5       34      50     000
5       35      55     000
5       36      30     000
5       36      60     000
5       37      30     000
5       38      35     000
5       39      40     000
5       40      45     000
5       41      50     000
5       42      55     000
5       43      30     000
5       43      60     000
5       44      30     000
5       45      35     000
5       46      40     000
5       47      45     000
5       48      50     000
5       49      55     000
5       50      30     000
5       50      60     000
5       51      30     000
5       52      35     000
5       53      40     000
5       54      45     000
5       55      50     000
5       56      55     000
5       57      30     000
5       57      60     000
5       58      30     000
5       59      35     000
5       60      40     000


#z2      #x2     #z2   000c2
6       30      30     000
6       31      36     000
6       32      42     000
6       33      48     000
6       34      54     000
6       35      30     000
6       35      60     000
6       36      36     000
6       37      42     000
6       38      48     000
6       39      54     000
6       40      60     000
6       41      36     000
6       42      42     000
6       43      48     000
6       44      54     000
6       45      30     000
6       45      60     000
6       46      36     000
6       47      42     000
6       48      48     000
6       49      54     000
6       50      30     000
6       50      60     000
6       51      36     000
6       52      42     000
6       53      48     000
6       54      54     000
6       55      30     000
6       55      60     000
6       56      36     000
6       57      42     000
6       58      48     000
6       59      54     000
6       60      30     000
6       60      60     000


#z2      #x2     #z2   000c2
7       30      30     5
7       31      37     5
7       32      44     5
7       33      51     5
7       34      58     5
7       35      35     5
7       36      42     5
7       37      49     5
7       38      56     5
7       39      33     5
7       40      40     5
7       41      47     5
7       42      54     5
7       43      31     5
7       44      38     5
7       45      45     5
7       46      52     5
7       47      59     5
7       48      36     5
7       49      43     5
7       50      50     5
7       51      57     5
7       52      34     5
7       53      41     5
7       54      48     5
7       55      55     5
7       56      32     5
7       57      39     5
7       58      46     5
7       59      53     5
7       60      60     5


#z2      #x2     #z2   000c2
8       30      30     000
8       31      38     000
8       32      46     000
8       33      54     000
8       34      32     000
8       35      40     000
8       36      48     000
8       37      56     000
8       38      34     000
8       39      42     000
8       40      50     000
8       41      58     000
8       42      36     000
8       43      44     000
8       44      52     000
8       45      30     000
8       45      60     000
8       46      38     000
8       47      46     000
8       48      54     000
8       49      32     000
8       50      40     000
8       51      48     000
8       52      56     000
8       53      34     000
8       54      42     000
8       55      50     000
8       56      58     000
8       57      36     000
8       58      44     000
8       59      52     000
8       60      30     000
8       60      60     000


#z2      #x2     #z2   000c2
9       30      30     000
9       31      39     000
9       32      48     000
9       33      57     000
9       34      36     000
9       35      45     000
9       36      54     000
9       37      33     000
9       38      42     000
9       39      51     000
9       40      30     000
9       40      60     000
9       41      39     000
9       42      48     000
9       43      57     000
9       44      36     000
9       45      45     000
9       46      54     000
9       47      33     000
9       48      42     000
9       49      51     000
9       50      30     000
9       50      60     000
9       51      39     000
9       52      48     000
9       53      57     000
9       54      36     000
9       55      45     000
9       56      54     000
9       57      33     000
9       58      42     000
9       59      51     000
9       60      30     000
9       60      60     000


#z2      #x2     #z2   000c2
10      30      30     000
10      31      40     000
10      32      50     000
10      33      30     000
10      33      60     000
10      34      40     000
10      35      50     000
10      36      30     000
10      36      60     000
10      37      40     000
10      38      50     000
10      39      30     000
10      39      60     000
10      40      40     000
10      41      50     000
10      42      30     000
10      42      60     000
10      43      40     000
10      44      50     000
10      45      30     000
10      45      60     000
10      46      40     000
10      47      50     000
10      48      30     000
10      48      60     000
10      49      40     000
10      50      50     000
10      51      30     000
10      51      60     000
10      52      40     000
10      53      50     000
10      54      30     000
10      54      60     000
10      55      40     000
10      56      50     000
10      57      30     000
10      57      60     000
10      58      40     000
10      59      50     000
10      60      30     000
10      60      60     000


#z2      #x2     #z2   000c2
11      30      30     5
11      31      41     5
11      32      52     5
11      33      33     5
11      34      44     5
11      35      55     5
11      36      36     5
11      37      47     5
11      38      58     5
11      39      39     5
11      40      50     5
11      41      31     5
11      42      42     5
11      43      53     5
11      44      34     5
11      45      45     5
11      46      56     5
11      47      37     5
11      48      48     5
11      49      59     5
11      50      40     5
11      51      51     5
11      52      32     5
11      53      43     5
11      54      54     5
11      55      35     5
11      56      46     5
11      57      57     5
11      58      38     5
11      59      49     5
11      60      30     5
11      60      60     5


#z2      #x2     #z2   000c2
12      30      30     000
12      31      42     000
12      32      54     000
12      33      36     000
12      34      48     000
12      35      30     000
12      35      60     000
12      36      42     000
12      37      54     000
12      38      36     000
12      39      48     000
12      40      30     000
12      40      60     000
12      41      42     000
12      42      54     000
12      43      36     000
12      44      48     000
12      45      30     000
12      45      60     000
12      46      42     000
12      47      54     000
12      48      36     000
12      49      48     000
12      50      30     000
12      50      60     000
12      51      42     000
12      52      54     000
12      53      36     000
12      54      48     000
12      55      30     000
12      55      60     000
12      56      42     000
12      57      54     000
12      58      36     000
12      59      48     000
12      60      30     000
12      60      60     000


#z2      #x2     #z2   000c2
13      30      30     5
13      31      43     5
13      32      56     5
13      33      39     5
13      34      52     5
13      35      35     5
13      36      48     5
13      37      31     5
13      38      44     5
13      39      57     5
13      40      40     5
13      41      53     5
13      42      36     5
13      43      49     5
13      44      32     5
13      45      45     5
13      46      58     5
13      47      41     5
13      48      54     5
13      49      37     5
13      50      50     5
13      51      33     5
13      52      46     5
13      53      59     5
13      54      42     5
13      55      55     5
13      56      38     5
13      57      51     5
13      58      34     5
13      59      47     5
13      60      60     5


#z2      #x2     #z2   000c2
14      30      30     000
14      31      44     000
14      32      58     000
14      33      42     000
14      34      56     000
14      35      40     000
14      36      54     000
14      37      38     000
14      38      52     000
14      39      36     000
14      40      50     000
14      41      34     000
14      42      48     000
14      43      32     000
14      44      46     000
14      45      30     000
14      45      60     000
14      46      44     000
14      47      58     000
14      48      42     000
14      49      56     000
14      50      40     000
14      51      54     000
14      52      38     000
14      53      52     000
14      54      36     000
14      55      50     000
14      56      34     000
14      57      48     000
14      58      32     000
14      59      46     000
14      60      30     000
14      60      60     000


#z2      #x2     #z2   000c2
15      30      30     000
15      31      45     000
15      32      30     000
15      32      60     000
15      33      45     000
15      34      30     000
15      34      60     000
15      35      45     000
15      36      30     000
15      36      60     000
15      37      45     000
15      38      30     000
15      38      60     000
15      39      45     000
15      40      30     000
15      40      60     000
15      41      45     000
15      42      30     000
15      42      60     000
15      43      45     000
15      44      30     000
15      44      60     000
15      45      45     000
15      46      30     000
15      46      60     000
15      47      45     000
15      48      30     000
15      48      60     000
15      49      45     000
15      50      30     000
15      50      60     000
15      51      45     000
15      52      30     000
15      52      60     000
15      53      45     000
15      54      30     000
15      54      60     000
15      55      45     000
15      56      30     000
15      56      60     000
15      57      45     000
15      58      30     000
15      58      60     000
15      59      45     000
15      60      30     000
15      60      60     000


#z2      #x2     #z2   000c2
16      30      30     000
16      31      46     000
16      32      32     000
16      33      48     000
16      34      34     000
16      35      50     000
16      36      36     000
16      37      52     000
16      38      38     000
16      39      54     000
16      40      40     000
16      41      56     000
16      42      42     000
16      43      58     000
16      44      44     000
16      45      30     000
16      45      60     000
16      46      46     000
16      47      32     000
16      48      48     000
16      49      34     000
16      50      50     000
16      51      36     000
16      52      52     000
16      53      38     000
16      54      54     000
16      55      40     000
16      56      56     000
16      57      42     000
16      58      58     000
16      59      44     000
16      60      30     000
16      60      60     000


#z2      #x2     #z2   000c2
17      30      30     5
17      31      47     5
17      32      34     5
17      33      51     5
17      34      38     5
17      35      55     5
17      36      42     5
17      37      59     5
17      38      46     5
17      39      33     5
17      40      50     5
17      41      37     5
17      42      54     5
17      43      41     5
17      44      58     5
17      45      45     5
17      46      32     5
17      47      49     5
17      48      36     5
17      49      53     5
17      50      40     5
17      51      57     5
17      52      44     5
17      53      31     5
17      54      48     5
17      55      35     5
17      56      52     5
17      57      39     5
17      58      56     5
17      59      43     5
17      60      30     5
17      60      60     5


#z2      #x2     #z2   000c2
18      30      30     000
18      31      48     000
18      32      36     000
18      33      54     000
18      34      42     000
18      35      30     000
18      35      60     000
18      36      48     000
18      37      36     000
18      38      54     000
18      39      42     000
18      40      30     000
18      40      60     000
18      41      48     000
18      42      36     000
18      43      54     000
18      44      42     000
18      45      30     000
18      45      60     000
18      46      48     000
18      47      36     000
18      48      54     000
18      49      42     000
18      50      30     000
18      50      60     000
18      51      48     000
18      52      36     000
18      53      54     000
18      54      42     000
18      55      30     000
18      55      60     000
18      56      48     000
18      57      36     000
18      58      54     000
18      59      42     000
18      60      30     000
18      60      60     000


#z2      #x2     #z2   000c2
19      30      30     5
19      31      49     5
19      32      38     5
19      33      57     5
19      34      46     5
19      35      35     5
19      36      54     5
19      37      43     5
19      38      32     5
19      39      51     5
19      40      40     5
19      41      59     5
19      42      48     5
19      43      37     5
19      44      56     5
19      45      45     5
19      46      34     5
19      47      53     5
19      48      42     5
19      49      31     5
19      50      50     5
19      51      39     5
19      52      58     5
19      53      47     5
19      54      36     5
19      55      55     5
19      56      44     5
19      57      33     5
19      58      52     5
19      59      41     5
19      60      30     5
19      60      60     5


#z2      #x2     #z2   000c2
20      30      30     000
20      31      50     000
20      32      40     000
20      33      30     000
20      33      60     000
20      34      50     000
20      35      40     000
20      36      30     000
20      36      60     000
20      37      50     000
20      38      40     000
20      39      30     000
20      39      60     000
20      40      50     000
20      41      40     000
20      42      30     000
20      42      60     000
20      43      50     000
20      44      40     000
20      45      30     000
20      45      60     000
20      46      50     000
20      47      40     000
20      48      30     000
20      48      60     000
20      49      50     000
20      50      40     000
20      51      30     000
20      51      60     000
20      52      50     000
20      53      40     000
20      54      30     000
20      54      60     000
20      55      50     000
20      56      40     000
20      57      30     000
20      57      60     000
20      58      50     000
20      59      40     000
20      60      30     000
20      60      60     000


#z2      #x2     #z2   000c2
21      30      30     000
21      31      51     000
21      32      42     000
21      33      33     000
21      34      54     000
21      35      45     000
21      36      36     000
21      37      57     000
21      38      48     000
21      39      39     000
21      40      30     000
21      40      60     000
21      41      51     000
21      42      42     000
21      43      33     000
21      44      54     000
21      45      45     000
21      46      36     000
21      47      57     000
21      48      48     000
21      49      39     000
21      50      30     000
21      50      60     000
21      51      51     000
21      52      42     000
21      53      33     000
21      54      54     000
21      55      45     000
21      56      36     000
21      57      57     000
21      58      48     000
21      59      39     000
21      60      30     000
21      60      60     000


#z2      #x2     #z2   000c2
22      30      30     000
22      31      52     000
22      32      44     000
22      33      36     000
22      34      58     000
22      35      50     000
22      36      42     000
22      37      34     000
22      38      56     000
22      39      48     000
22      40      40     000
22      41      32     000
22      42      54     000
22      43      46     000
22      44      38     000
22      45      30     000
22      45      60     000
22      46      52     000
22      47      44     000
22      48      36     000
22      49      58     000
22      50      50     000
22      51      42     000
22      52      34     000
22      53      56     000
22      54      48     000
22      55      40     000
22      56      32     000
22      57      54     000
22      58      46     000
22      59      38     000
22      60      30     000
22      60      60     000


#z2      #x2     #z2   000c2
23      30      30     5
23      31      53     5
23      32      46     5
23      33      39     5
23      34      32     5
23      35      55     5
23      36      48     5
23      37      41     5
23      38      34     5
23      39      57     5
23      40      50     5
23      41      43     5
23      42      36     5
23      43      59     5
23      44      52     5
23      45      45     5
23      46      38     5
23      47      31     5
23      48      54     5
23      49      47     5
23      50      40     5
23      51      33     5
23      52      56     5
23      53      49     5
23      54      42     5
23      55      35     5
23      56      58     5
23      57      51     5
23      58      44     5
23      59      37     5
23      60      30     5
23      60      60     5


#z2      #x2     #z2   000c2
24      30      30     000
24      31      54     000
24      32      48     000
24      33      42     000
24      34      36     000
24      35      30     000
24      35      60     000
24      36      54     000
24      37      48     000
24      38      42     000
24      39      36     000
24      40      30     000
24      40      60     000
24      41      54     000
24      42      48     000
24      43      42     000
24      44      36     000
24      45      30     000
24      45      60     000
24      46      54     000
24      47      48     000
24      48      42     000
24      49      36     000
24      50      30     000
24      50      60     000
24      51      54     000
24      52      48     000
24      53      42     000
24      54      36     000
24      55      30     000
24      55      60     000
24      56      54     000
24      57      48     000
24      58      42     000
24      59      36     000
24      60      30     000
24      60      60     000


#z2      #x2     #z2   000c2
25      30      30     000
25      31      55     000
25      32      50     000
25      33      45     000
25      34      40     000
25      35      35     000
25      36      30     000
25      36      60     000
25      37      55     000
25      38      50     000
25      39      45     000
25      40      40     000
25      41      35     000
25      42      30     000
25      42      60     000
25      43      55     000
25      44      50     000
25      45      45     000
25      46      40     000
25      47      35     000
25      48      30     000
25      48      60     000
25      49      55     000
25      50      50     000
25      51      45     000
25      52      40     000
25      53      35     000
25      54      30     000
25      54      60     000
25      55      55     000
25      56      50     000
25      57      45     000
25      58      40     000
25      59      35     000
25      60      30     000
25      60      60     000


#z2      #x2     #z2   000c2
26      30      30     000
26      31      56     000
26      32      52     000
26      33      48     000
26      34      44     000
26      35      40     000
26      36      36     000
26      37      32     000
26      38      58     000
26      39      54     000
26      40      50     000
26      41      46     000
26      42      42     000
26      43      38     000
26      44      34     000
26      45      30     000
26      45      60     000
26      46      56     000
26      47      52     000
26      48      48     000
26      49      44     000
26      50      40     000
26      51      36     000
26      52      32     000
26      53      58     000
26      54      54     000
26      55      50     000
26      56      46     000
26      57      42     000
26      58      38     000
26      59      34     000
26      60      30     000
26      60      60     000


#z2      #x2     #z2   000c2
27      30      30     000
27      31      57     000
27      32      54     000
27      33      51     000
27      34      48     000
27      35      45     000
27      36      42     000
27      37      39     000
27      38      36     000
27      39      33     000
27      40      30     000
27      40      60     000
27      41      57     000
27      42      54     000
27      43      51     000
27      44      48     000
27      45      45     000
27      46      42     000
27      47      39     000
27      48      36     000
27      49      33     000
27      50      30     000
27      50      60     000
27      51      57     000
27      52      54     000
27      53      51     000
27      54      48     000
27      55      45     000
27      56      42     000
27      57      39     000
27      58      36     000
27      59      33     000
27      60      30     000
27      60      60     000


#z2      #x2     #z2   000c2
28      30      30     000
28      31      58     000
28      32      56     000
28      33      54     000
28      34      52     000
28      35      50     000
28      36      48     000
28      37      46     000
28      38      44     000
28      39      42     000
28      40      40     000
28      41      38     000
28      42      36     000
28      43      34     000
28      44      32     000
28      45      30     000
28      45      60     000
28      46      58     000
28      47      56     000
28      48      54     000
28      49      52     000
28      50      50     000
28      51      48     000
28      52      46     000
28      53      44     000
28      54      42     000
28      55      40     000
28      56      38     000
28      57      36     000
28      58      34     000
28      59      32     000
28      60      30     000
28      60      60     000


#z2      #x2     #z2   000c2
29      30      30     5
29      31      59     5
29      32      58     5
29      33      57     5
29      34      56     5
29      35      55     5
29      36      54     5
29      37      53     5
29      38      52     5
29      39      51     5
29      40      50     5
29      41      49     5
29      42      48     5
29      43      47     5
29      44      46     5
29      45      45     5
29      46      44     5
29      47      43     5
29      48      42     5
29      49      41     5
29      50      40     5
29      51      39     5
29      52      38     5
29      53      37     5
29      54      36     5
29      55      35     5
29      56      34     5
29      57      33     5
29      58      32     5
29      59      31     5
29      60      30     5


#z2      #x2     #z2   000c2
30      30      30     000
30      30      30     000
30      31      30     000
30      31      60     000
30      32      30     000
30      32      60     000
30      33      30     000
30      33      60     000
30      34      30     000
30      34      60     000
30      35      30     000
30      35      60     000
30      36      30     000
30      36      60     000
30      37      30     000
30      37      60     000
30      38      30     000
30      38      60     000
30      39      30     000
30      39      60     000
30      40      30     000
30      40      60     000
30      41      30     000
30      41      60     000
30      42      30     000
30      42      60     000
30      43      30     000
30      43      60     000
30      44      30     000
30      44      60     000
30      45      30     000
30      45      60     000
30      46      30     000
30      46      60     000
30      47      30     000
30      47      60     000
30      48      30     000
30      48      60     000
30      49      30     000
30      49      60     000
30      50      30     000
30      50      60     000
30      51      30     000
30      51      60     000
30      52      30     000
30      52      60     000
30      53      30     000
30      53      60     000
30      54      30     000
30      54      60     000
30      55      30     000
30      55      60     000
30      56      30     000
30      56      60     000
30      57      30     000
30      57      60     000
30      58      30     000
30      58      60     000
30      59      30     000
30      59      60     000
30      60      30     000
30      60      60     000

