11      0       0      1
11      1       11     1
11      2       22     1
11      3       3      1
11      4       14     1
11      5       25     1
11      6       6      1
11      7       17     1
11      8       28     1
11      9       9      1
11      10      20     1
11      11      1      1
11      12      12     1
11      13      23     1
11      14      4      1
11      15      15     1
11      16      26     1
11      17      7      1
11      18      18     1
11      19      29     1
11      20      10     1
11      21      21     1
11      22      2      1
11      23      13     1
11      24      24     1
11      25      5      1
11      26      16     1
11      27      27     1
11      28      8      1
11      29      19     1
11      30      0      1
11      30      30     1
11      30      30     1
11      31      41     1
11      32      52     1
11      33      33     1
11      34      44     1
11      35      55     1
11      36      36     1
11      37      47     1
11      38      58     1
11      39      39     1
11      40      50     1
11      41      31     1
11      42      42     1
11      43      53     1
11      44      34     1
11      45      45     1
11      46      56     1
11      47      37     1
11      48      48     1
11      49      59     1
11      50      40     1
11      51      51     1
11      52      32     1
11      53      43     1
11      54      54     1
11      55      35     1
11      56      46     1
11      57      57     1
11      58      38     1
11      59      49     1
11      60      30     1
11      60      60     1
