#z      #x      #y      #c
0       0       0       0
0       1       0       0
0       2       0       0
0       3       0       0
0       4       0       0
0       5       0       0
0       6       0       0
0       7       0       0
0       8       0       0
0       9       0       0
0       10      0       0
0       11      0       0
0       12      0       0
0       13      0       0
0       14      0       0
0       15      0       0
0       16      0       0
0       17      0       0
0       18      0       0
0       19      0       0
0       20      0       0
0       21      0       0
0       22      0       0
0       23      0       0
0       24      0       0
0       25      0       0
0       26      0       0
0       27      0       0
0       28      0       0
0       29      0       0
0       30      0       0


#z      #x      #y      #c
1       0       0       1
1       1       1       1
1       2       2       1
1       3       3       1
1       4       4       1
1       5       5       1
1       6       6       1
1       7       7       1
1       8       8       1
1       9       9       1
1       10      10      1
1       11      11      1
1       12      12      1
1       13      13      1
1       14      14      1
1       15      15      1
1       16      16      1
1       17      17      1
1       18      18      1
1       19      19      1
1       20      20      1
1       21      21      1
1       22      22      1
1       23      23      1
1       24      24      1
1       25      25      1
1       26      26      1
1       27      27      1
1       28      28      1
1       29      29      1
1       30      30      1


#z      #x      #y      #c
2       0       0       2
2       1       2       2
2       2       4       2
2       3       6       2
2       4       8       2
2       5       10      2
2       6       12      2
2       7       14      2
2       8       16      2
2       9       18      2
2       10      20      2
2       11      22      2
2       12      24      2
2       13      26      2
2       14      28      2
2       15       0      2
2       15      30      2
2       16      2       2
2       17      4       2
2       18      6       2
2       19      8       2
2       20      10      2
2       21      12      2
2       22      14      2
2       23      16      2
2       24      18      2
2       25      20      2
2       26      22      2
2       27      24      2
2       28      26      2
2       29      28      2
2       30      30      2


#z      #x      #y      #c
3       0       0       3
3       1       3       3
3       2       6       3
3       3       9       3
3       4       12      3
3       5       15      3
3       6       18      3
3       7       21      3
3       8       24      3
3       9       27      3
3       10      0       3
3       10      30      3
3       11      3       3
3       12      6       3
3       13      9       3
3       14      12      3
3       15      15      3
3       16      18      3
3       17      21      3
3       18      24      3
3       19      27      3
3       20      0       3
3       20      30      3
3       21      3       3
3       22      6       3
3       23      9       3
3       24      12      3
3       25      15      3
3       26      18      3
3       27      21      3
3       28      24      3
3       29      27      3
3       30      0       3
3       30      30      3


#z      #x      #y      #c
4       0       0       4
4       1       4       4
4       2       8       4
4       3       12      4
4       4       16      4
4       5       20      4
4       6       24      4
4       7       28      4
4       8       2       4
4       9       6       4
4       10      10      4
4       11      14      4
4       12      18      4
4       13      22      4
4       14      26      4
4       15      0       4
4       15      30      4
4       16      4       4
4       17      8       4
4       18      12      4
4       19      16      4
4       20      20      4
4       21      24      4
4       22      28      4
4       23      2       4
4       24      6       4
4       25      10      4
4       26      14      4
4       27      18      4
4       28      22      4
4       29      26      4
4       30      0       4
4       30      30      4


#z      #x      #y      #c
5       0       0       5
5       1       5       5
5       2       10      5
5       3       15      5
5       4       20      5
5       5       25      5
5       6       0       5
5       6       30      5
5       7       0       5
5       8       5       5
5       9       10      5
5       10      15      5
5       11      20      5
5       12      25      5
5       13      0       5
5       13      30      5
5       14      0       5
5       15      5       5
5       16      10      5
5       17      15      5
5       18      20      5
5       19      25      5
5       20      0       5
5       20      30      5
5       21      0       5
5       22      5       5
5       23      10      5
5       24      15      5
5       25      20      5
5       26      25      5
5       27      0       5
5       27      30      5
5       28      0       5
5       29      5       5
5       30      10      5


#z      #x      #y      #c
6       0       0       6
6       1       6       6
6       2       12      6
6       3       18      6
6       4       24      6
6       5       0       6
6       5       30      6
6       6       6       6
6       7       12      6
6       8       18      6
6       9       24      6
6       10      30      6
6       11      6       6
6       12      12      6
6       13      18      6
6       14      24      6
6       15      0       6
6       15      30      6
6       16      6       6
6       17      12      6
6       18      18      6
6       19      24      6
6       20      0       6
6       20      30      6
6       21      6       6
6       22      12      6
6       23      18      6
6       24      24      6
6       25      0       6
6       25      30      6
6       26      6       6
6       27      12      6
6       28      18      6
6       29      24      6
6       30      0       6
6       30      30      6


#z      #x      #y      #c
7       0       0       7
7       1       7       7
7       2       14      7
7       3       21      7
7       4       28      7
7       5       5       7
7       6       12      7
7       7       19      7
7       8       26      7
7       9       3       7
7       10      10      7
7       11      17      7
7       12      24      7
7       13      1       7
7       14      8       7
7       15      15      7
7       16      22      7
7       17      29      7
7       18      6       7
7       19      13      7
7       20      20      7
7       21      27      7
7       22      4       7
7       23      11      7
7       24      18      7
7       25      25      7
7       26      2       7
7       27      9       7
7       28      16      7
7       29      23      7
7       30      30      7


#z      #x      #y      #c
8       0       0       8
8       1       8       8
8       2       16      8
8       3       24      8
8       4       2       8
8       5       10      8
8       6       18      8
8       7       26      8
8       8       4       8
8       9       12      8
8       10      20      8
8       11      28      8
8       12      6       8
8       13      14      8
8       14      22      8
8       15      0       8
8       15      30      8
8       16      8       8
8       17      16      8
8       18      24      8
8       19      2       8
8       20      10      8
8       21      18      8
8       22      26      8
8       23      4       8
8       24      12      8
8       25      20      8
8       26      28      8
8       27      6       8
8       28      14      8
8       29      22      8
8       30      0       8
8       30      30      8


#z      #x      #y      #c
9       0       0       9
9       1       9       9
9       2       18      9
9       3       27      9
9       4       6       9
9       5       15      9
9       6       24      9
9       7       3       9
9       8       12      9
9       9       21      9
9       10      0       9
9       10      30      9
9       11      9       9
9       12      18      9
9       13      27      9
9       14      6       9
9       15      15      9
9       16      24      9
9       17      3       9
9       18      12      9
9       19      21      9
9       20      0       9
9       20      30      9
9       21      9       9
9       22      18      9
9       23      27      9
9       24      6       9
9       25      15      9
9       26      24      9
9       27      3       9
9       28      12      9
9       29      21      9
9       30      0       9
9       30      30      9


#z      #x      #y      #c
10      0       0       10
10      1       10      10
10      2       20      10
10      3       0       10
10      3       30      10
10      4       10      10
10      5       20      10
10      6       0       10
10      6       30      10
10      7       10      10
10      8       20      10
10      9       0       10
10      9       30      10
10      10      10      10
10      11      20      10
10      12      0       10
10      12      30      10
10      13      10      10
10      14      20      10
10      15      0       10
10      15      30      10
10      16      10      10
10      17      20      10
10      18      0       10
10      18      30      10
10      19      10      10
10      20      20      10
10      21      0       10
10      21      30      10
10      22      10      10
10      23      20      10
10      24      0       10
10      24      30      10
10      25      10      10
10      26      20      10
10      27      0       10
10      27      30      10
10      28      10      10
10      29      20      10
10      30      0       10
10      30      30      10


#z      #x      #y      #c
11      0       0       11
11      1       11      11
11      2       22      11
11      3       3       11
11      4       14      11
11      5       25      11
11      6       6       11
11      7       17      11
11      8       28      11
11      9       9       11
11      10      20      11
11      11      1       11
11      12      12      11
11      13      23      11
11      14      4       11
11      15      15      11
11      16      26      11
11      17      7       11
11      18      18      11
11      19      29      11
11      20      10      11
11      21      21      11
11      22      2       11
11      23      13      11
11      24      24      11
11      25      5       11
11      26      16      11
11      27      27      11
11      28      8       11
11      29      19      11
11      30      0       11
11      30      30      11


#z      #x      #y      #c
12      0       0       12
12      1       12      12
12      2       24      12
12      3       6       12
12      4       18      12
12      5       00      12
12      5       30      12
12      6       12      12
12      7       24      12
12      8       6       12
12      9       18      12
12      10      00      12
12      10      30      12
12      11      12      12
12      12      24      12
12      13      6       12
12      14      18      12
12      15      00      12
12      15      30      12
12      16      12      12
12      17      24      12
12      18      6       12
12      19      18      12
12      20      00      12
12      20      30      12
12      21      12      12
12      22      24      12
12      23      6       12
12      24      18      12
12      25      00      12
12      25      30      12
12      26      12      12
12      27      24      12
12      28      6       12
12      29      18      12
12      30      00      12
12      30      30      12


#z      #x      #y      #c
13      0       0       13
13      1       13      13
13      2       26      13
13      3       9       13
13      4       22      13
13      5       5       13
13      6       18      13
13      7       1       13
13      8       14      13
13      9       27      13
13      10      10      13
13      11      23      13
13      12      6       13
13      13      19      13
13      14      2       13
13      15      15      13
13      16      28      13
13      17      11      13
13      18      24      13
13      19      7       13
13      20      20      13
13      21      3       13
13      22      16      13
13      23      29      13
13      24      12      13
13      25      25      13
13      26      8       13
13      27      21      13
13      28      4       13
13      29      17      13
13      30      30      13


#z      #x      #y      #c
14      0       0       14
14      1       14      14
14      2       28      14
14      3       12      14
14      4       26      14
14      5       10      14
14      6       24      14
14      7       8       14
14      8       22      14
14      9       6       14
14      10      20      14
14      11      4       14
14      12      18      14
14      13      2       14
14      14      16      14
14      15      00      14
14      15      30      14
14      16      14      14
14      17      28      14
14      18      12      14
14      19      26      14
14      20      10      14
14      21      24      14
14      22      8       14
14      23      22      14
14      24      6       14
14      25      20      14
14      26      4       14
14      27      18      14
14      28      2       14
14      29      16      14
14      30      00      14
14      30      30      14


#z      #x      #y      #c
15      0       0       15
15      1       15      15
15      2       00      15
15      2       30      15
15      3       15      15
15      4       00      15
15      4       30      15
15      5       15      15
15      6       00      15
15      6       30      15
15      7       15      15
15      8       00      15
15      8       30      15
15      9       15      15
15      10      00      15
15      10      30      15
15      11      15      15
15      12      00      15
15      12      30      15
15      13      15      15
15      14      00      15
15      14      30      15
15      15      15      15
15      16      00      15
15      16      30      15
15      17      15      15
15      18      00      15
15      18      30      15
15      19      15      15
15      20      00      15
15      20      30      15
15      21      15      15
15      22      00      15
15      22      30      15
15      23      15      15
15      24      00      15
15      24      30      15
15      25      15      15
15      26      00      15
15      26      30      15
15      27      15      15
15      28      00      15
15      28      30      15
15      29      15      15
15      30      00      15
15      30      30      15


#z      #x      #y      #c
16      0       0       16
16      1       16      16
16      2       2       16
16      3       18      16
16      4       4       16
16      5       20      16
16      6       6       16
16      7       22      16
16      8       8       16
16      9       24      16
16      10      10      16
16      11      26      16
16      12      12      16
16      13      28      16
16      14      14      16
16      15      00      16
16      15      30      16
16      16      16      16
16      17      2       16
16      18      18      16
16      19      4       16
16      20      20      16
16      21      6       16
16      22      22      16
16      23      8       16
16      24      24      16
16      25      10      16
16      26      26      16
16      27      12      16
16      28      28      16
16      29      14      16
16      30      00      16
16      30      30      16


#z      #x      #y      #c
17      0       0       17
17      1       17      17
17      2       4       17
17      3       21      17
17      4       8       17
17      5       25      17
17      6       12      17
17      7       29      17
17      8       16      17
17      9       3       17
17      10      20      17
17      11      7       17
17      12      24      17
17      13      11      17
17      14      28      17
17      15      15      17
17      16      2       17
17      17      19      17
17      18      6       17
17      19      23      17
17      20      10      17
17      21      27      17
17      22      14      17
17      23      1       17
17      24      18      17
17      25      5       17
17      26      22      17
17      27      9       17
17      28      26      17
17      29      13      17
17      30      00      17
17      30      30      17


#z      #x      #y      #c
18      0       0       18
18      1       18      18
18      2       6       18
18      3       24      18
18      4       12      18
18      5       00      18
18      5       30      18
18      6       18      18
18      7       6       18
18      8       24      18
18      9       12      18
18      10      00      18
18      10      30      18
18      11      18      18
18      12      6       18
18      13      24      18
18      14      12      18
18      15      00      18
18      15      30      18
18      16      18      18
18      17      6       18
18      18      24      18
18      19      12      18
18      20      00      18
18      20      30      18
18      21      18      18
18      22      6       18
18      23      24      18
18      24      12      18
18      25      00      18
18      25      30      18
18      26      18      18
18      27      6       18
18      28      24      18
18      29      12      18
18      30      00      18
18      30      30      18


#z      #x      #y      #c
19      0       0       19
19      1       19      19
19      2       8       19
19      3       27      19
19      4       16      19
19      5       5       19
19      6       24      19
19      7       13      19
19      8       2       19
19      9       21      19
19      10      10      19
19      11      29      19
19      12      18      19
19      13      7       19
19      14      26      19
19      15      15      19
19      16      4       19
19      17      23      19
19      18      12      19
19      19      1       19
19      20      20      19
19      21      9       19
19      22      28      19
19      23      17      19
19      24      6       19
19      25      25      19
19      26      14      19
19      27      3       19
19      28      22      19
19      29      11      19
19      30      00      19
19      30      30      19


#z      #x      #y      #c
20      0       0       20
20      1       20      20
20      2       10      20
20      3       00      20
20      3       30      20
20      4       20      20
20      5       10      20
20      6       00      20
20      6       30      20
20      7       20      20
20      8       10      20
20      9       00      20
20      9       30      20
20      10      20      20
20      11      10      20
20      12      00      20
20      12      30      20
20      13      20      20
20      14      10      20
20      15      00      20
20      15      30      20
20      16      20      20
20      17      10      20
20      18      00      20
20      18      30      20
20      19      20      20
20      20      10      20
20      21      00      20
20      21      30      20
20      22      20      20
20      23      10      20
20      24      00      20
20      24      30      20
20      25      20      20
20      26      10      20
20      27      00      20
20      27      30      20
20      28      20      20
20      29      10      20
20      30      00      20
20      30      30      20


#z      #x      #y      #c
21      0       0       21
21      1       21      21
21      2       12      21
21      3       3       21
21      4       24      21
21      5       15      21
21      6       6       21
21      7       27      21
21      8       18      21
21      9       9       21
21      10      00      21
21      10      30      21
21      11      21      21
21      12      12      21
21      13      3       21
21      14      24      21
21      15      15      21
21      16      6       21
21      17      27      21
21      18      18      21
21      19      9       21
21      20      00      21
21      20      30      21
21      21      21      21
21      22      12      21
21      23      3       21
21      24      24      21
21      25      15      21
21      26      6       21
21      27      27      21
21      28      18      21
21      29      9       21
21      30      00      21
21      30      30      21


#z      #x      #y      #c
22      0       0       22
22      1       22      22
22      2       14      22
22      3       6       22
22      4       28      22
22      5       20      22
22      6       12      22
22      7       4       22
22      8       26      22
22      9       18      22
22      10      10      22
22      11      2       22
22      12      24      22
22      13      16      22
22      14      8       22
22      15      00      22
22      15      30      22
22      16      22      22
22      17      14      22
22      18      6       22
22      19      28      22
22      20      20      22
22      21      12      22
22      22      4       22
22      23      26      22
22      24      18      22
22      25      10      22
22      26      2       22
22      27      24      22
22      28      16      22
22      29      8       22
22      30      00      22
22      30      30      22


#z      #x      #y      #c
23      0       0       23
23      1       23      23
23      2       16      23
23      3       9       23
23      4       2       23
23      5       25      23
23      6       18      23
23      7       11      23
23      8       4       23
23      9       27      23
23      10      20      23
23      11      13      23
23      12      6       23
23      13      29      23
23      14      22      23
23      15      15      23
23      16      8       23
23      17      1       23
23      18      24      23
23      19      17      23
23      20      10      23
23      21      3       23
23      22      26      23
23      23      19      23
23      24      12      23
23      25      5       23
23      26      28      23
23      27      21      23
23      28      14      23
23      29      7       23
23      30      00      23
23      30      30      23


#z      #x      #y      #c
24      0       0       24
24      1       24      24
24      2       18      24
24      3       12      24
24      4       6       24
24      5       00      24
24      5       30      24
24      6       24      24
24      7       18      24
24      8       12      24
24      9       6       24
24      10      00      24
24      10      30      24
24      11      24      24
24      12      18      24
24      13      12      24
24      14      6       24
24      15      00      24
24      15      30      24
24      16      24      24
24      17      18      24
24      18      12      24
24      19      6       24
24      20      00      24
24      20      30      24
24      21      24      24
24      22      18      24
24      23      12      24
24      24      6       24
24      25      00      24
24      25      30      24
24      26      24      24
24      27      18      24
24      28      12      24
24      29      6       24
24      30      00      24
24      30      30      24


#z      #x      #y      #c
25      0       0       25
25      1       25      25
25      2       20      25
25      3       15      25
25      4       10      25
25      5       5       25
25      6       00      25
25      6       30      25
25      7       25      25
25      8       20      25
25      9       15      25
25      10      10      25
25      11      5       25
25      12      00      25
25      12      30      25
25      13      25      25
25      14      20      25
25      15      15      25
25      16      10      25
25      17      5       25
25      18      00      25
25      18      30      25
25      19      25      25
25      20      20      25
25      21      15      25
25      22      10      25
25      23      5       25
25      24      00      25
25      24      30      25
25      25      25      25
25      26      20      25
25      27      15      25
25      28      10      25
25      29      5       25
25      30      00      25
25      30      30      25


#z      #x      #y      #c
26      0       0       26
26      1       26      26
26      2       22      26
26      3       18      26
26      4       14      26
26      5       10      26
26      6       6       26
26      7       2       26
26      8       28      26
26      9       24      26
26      10      20      26
26      11      16      26
26      12      12      26
26      13      8       26
26      14      4       26
26      15      00      26
26      15      30      26
26      16      26      26
26      17      22      26
26      18      18      26
26      19      14      26
26      20      10      26
26      21      6       26
26      22      2       26
26      23      28      26
26      24      24      26
26      25      20      26
26      26      16      26
26      27      12      26
26      28      8       26
26      29      4       26
26      30      00      26
26      30      30      26


#z      #x      #y      #c
27      0       0       27
27      1       27      27
27      2       24      27
27      3       21      27
27      4       18      27
27      5       15      27
27      6       12      27
27      7       9       27
27      8       6       27
27      9       3       27
27      10      00      27
27      10      30      27
27      11      27      27
27      12      24      27
27      13      21      27
27      14      18      27
27      15      15      27
27      16      12      27
27      17      9       27
27      18      6       27
27      19      3       27
27      20      00      27
27      20      30      27
27      21      27      27
27      22      24      27
27      23      21      27
27      24      18      27
27      25      15      27
27      26      12      27
27      27      9       27
27      28      6       27
27      29      3       27
27      30      00      27
27      30      30      27


#z      #x      #y      #c
28      0       0       28
28      1       28      28
28      2       26      28
28      3       24      28
28      4       22      28
28      5       20      28
28      6       18      28
28      7       16      28
28      8       14      28
28      9       12      28
28      10      10      28
28      11      8       28
28      12      6       28
28      13      4       28
28      14      2       28
28      15      00      28
28      15      30      28
28      16      28      28
28      17      26      28
28      18      24      28
28      19      22      28
28      20      20      28
28      21      18      28
28      22      16      28
28      23      14      28
28      24      12      28
28      25      10      28
28      26      8       28
28      27      6       28
28      28      4       28
28      29      2       28
28      30      00      28
28      30      30      28


#z      #x      #y      #c
29      0       0       29
29      1       29      29
29      2       28      29
29      3       27      29
29      4       26      29
29      5       25      29
29      6       24      29
29      7       23      29
29      8       22      29
29      9       21      29
29      10      20      29
29      11      19      29
29      12      18      29
29      13      17      29
29      14      16      29
29      15      15      29
29      16      14      29
29      17      13      29
29      18      12      29
29      19      11      29
29      20      10      29
29      21      9       29
29      22      8       29
29      23      7       29
29      24      6       29
29      25      5       29
29      26      4       29
29      27      3       29
29      28      2       29
29      29      1       29
29      30      0       29


#z      #x      #y      #c
30       0      00      30
30       0      00      30
30       1      00      30
30       1      30      30
30       2      00      30
30       2      30      30
30       3      00      30
30       3      30      30
30       4      00      30
30       4      30      30
30       5      00      30
30       5      30      30
30       6      00      30
30       6      30      30
30       7      00      30
30       7      30      30
30       8      00      30
30       8      30      30
30       9      00      30
30       9      30      30
30      10      00      30
30      10      30      30
30      11      00      30
30      11      30      30
30      12      00      30
30      12      30      30
30      13      00      30
30      13      30      30
30      14      00      30
30      14      30      30
30      15      00      30
30      15      30      30
30      16      00      30
30      16      30      30
30      17      00      30
30      17      30      30
30      18      00      30
30      18      30      30
30      19      00      30
30      19      30      30
30      20      00      30
30      20      30      30
30      21      00      30
30      21      30      30
30      22      00      30
30      22      30      30
30      23      00      30
30      23      30      30
30      24      00      30
30      24      30      30
30      25      00      30
30      25      30      30
30      26      00      30
30      26      30      30
30      27      00      30
30      27      30      30
30      28      00      30
30      28      30      30
30      29      00      30
30      29      30      30
30      30      00      30
30      30      30      30


#z2      #x2     #z2     #c2
0       30      30      0
0       31      30      0
0       32      30      0
0       33      30      0
0       34      30      0
0       35      30      0
0       36      30      0
0       37      30      0
0       38      30      0
0       39      30      0
0       40      30      0
0       41      30      0
0       42      30      0
0       43      30      0
0       44      30      0
0       45      30      0
0       46      30      0
0       47      30      0
0       48      30      0
0       49      30      0
0       50      30      0
0       51      30      0
0       52      30      0
0       53      30      0
0       54      30      0
0       55      30      0
0       56      30      0
0       57      30      0
0       58      30      0
0       59      30      0
0       60      30      0
        30      30
        30      30
#z2      #x2     #z2     #c2
1       30      30      1
1       31      31      1
1       32      32      1
1       33      33      1
1       34      34      1
1       35      35      1
1       36      36      1
1       37      37      1
1       38      38      1
1       39      39      1
1       40      40      1
1       41      41      1
1       42      42      1
1       43      43      1
1       44      44      1
1       45      45      1
1       46      46      1
1       47      47      1
1       48      48      1
1       49      49      1
1       50      50      1
1       51      51      1
1       52      52      1
1       53      53      1
1       54      54      1
1       55      55      1
1       56      56      1
1       57      57      1
1       58      58      1
1       59      59      1
1       60      60      1
        30      30
        30      30
#z2      #x2     #z2     #c2
2       30      30      2
2       31      32      2
2       32      34      2
2       33      36      2
2       34      38      2
2       35      40      2
2       36      42      2
2       37      44      2
2       38      46      2
2       39      48      2
2       40      50      2
2       41      52      2
2       42      54      2
2       43      56      2
2       44      58      2
2       45      30      2
2       45      60      2
2       46      32      2
2       47      34      2
2       48      36      2
2       49      38      2
2       50      40      2
2       51      42      2
2       52      44      2
2       53      46      2
2       54      48      2
2       55      50      2
2       56      52      2
2       57      54      2
2       58      56      2
2       59      58      2
2       60      60      2
        30      30
        30      30
#z2      #x2     #z2     #c2
3       30      30      3
3       31      33      3
3       32      36      3
3       33      39      3
3       34      42      3
3       35      45      3
3       36      48      3
3       37      51      3
3       38      54      3
3       39      57      3
3       40      30      3
3       40      60      3
3       41      33      3
3       42      36      3
3       43      39      3
3       44      42      3
3       45      45      3
3       46      48      3
3       47      51      3
3       48      54      3
3       49      57      3
3       50      30      3
3       50      60      3
3       51      33      3
3       52      36      3
3       53      39      3
3       54      42      3
3       55      45      3
3       56      48      3
3       57      51      3
3       58      54      3
3       59      57      3
3       60      30      3
3       60      60      3
        30      30
        30      30
#z2      #x2     #z2     #c2
4       30      30      4
4       31      34      4
4       32      38      4
4       33      42      4
4       34      46      4
4       35      50      4
4       36      54      4
4       37      58      4
4       38      32      4
4       39      36      4
4       40      40      4
4       41      44      4
4       42      48      4
4       43      52      4
4       44      56      4
4       45      30      4
4       45      60      4
4       46      34      4
4       47      38      4
4       48      42      4
4       49      46      4
4       50      50      4
4       51      54      4
4       52      58      4
4       53      32      4
4       54      36      4
4       55      40      4
4       56      44      4
4       57      48      4
4       58      52      4
4       59      56      4
4       60      30      4
4       60      60      4
        30      30
        30      30
#z2      #x2     #z2     #c2
5       30      30      5
5       31      35      5
5       32      40      5
5       33      45      5
5       34      50      5
5       35      55      5
5       36      30      5
5       36      60      5
5       37      30      5
5       38      35      5
5       39      40      5
5       40      45      5
5       41      50      5
5       42      55      5
5       43      30      5
5       43      60      5
5       44      30      5
5       45      35      5
5       46      40      5
5       47      45      5
5       48      50      5
5       49      55      5
5       50      30      5
5       50      60      5
5       51      30      5
5       52      35      5
5       53      40      5
5       54      45      5
5       55      50      5
5       56      55      5
5       57      30      5
5       57      60      5
5       58      30      5
5       59      35      5
5       60      40      5
        30      30
        30      30
#z2      #x2     #z2     #c2
6       30      30      6
6       31      36      6
6       32      42      6
6       33      48      6
6       34      54      6
6       35      30      6
6       35      60      6
6       36      36      6
6       37      42      6
6       38      48      6
6       39      54      6
6       40      60      6
6       41      36      6
6       42      42      6
6       43      48      6
6       44      54      6
6       45      30      6
6       45      60      6
6       46      36      6
6       47      42      6
6       48      48      6
6       49      54      6
6       50      30      6
6       50      60      6
6       51      36      6
6       52      42      6
6       53      48      6
6       54      54      6
6       55      30      6
6       55      60      6
6       56      36      6
6       57      42      6
6       58      48      6
6       59      54      6
6       60      30      6
6       60      60      6
        30      30
        30      30
#z2      #x2     #z2     #c2
7       30      30      7
7       31      37      7
7       32      44      7
7       33      51      7
7       34      58      7
7       35      35      7
7       36      42      7
7       37      49      7
7       38      56      7
7       39      33      7
7       40      40      7
7       41      47      7
7       42      54      7
7       43      31      7
7       44      38      7
7       45      45      7
7       46      52      7
7       47      59      7
7       48      36      7
7       49      43      7
7       50      50      7
7       51      57      7
7       52      34      7
7       53      41      7
7       54      48      7
7       55      55      7
7       56      32      7
7       57      39      7
7       58      46      7
7       59      53      7
7       60      60      7
        30      30
        30      30
#z2      #x2     #z2     #c2
8       30      30      8
8       31      38      8
8       32      46      8
8       33      54      8
8       34      32      8
8       35      40      8
8       36      48      8
8       37      56      8
8       38      34      8
8       39      42      8
8       40      50      8
8       41      58      8
8       42      36      8
8       43      44      8
8       44      52      8
8       45      30      8
8       45      60      8
8       46      38      8
8       47      46      8
8       48      54      8
8       49      32      8
8       50      40      8
8       51      48      8
8       52      56      8
8       53      34      8
8       54      42      8
8       55      50      8
8       56      58      8
8       57      36      8
8       58      44      8
8       59      52      8
8       60      30      8
8       60      60      8
        30      30
        30      30
#z2      #x2     #z2     #c2
9       30      30      9
9       31      39      9
9       32      48      9
9       33      57      9
9       34      36      9
9       35      45      9
9       36      54      9
9       37      33      9
9       38      42      9
9       39      51      9
9       40      30      9
9       40      60      9
9       41      39      9
9       42      48      9
9       43      57      9
9       44      36      9
9       45      45      9
9       46      54      9
9       47      33      9
9       48      42      9
9       49      51      9
9       50      30      9
9       50      60      9
9       51      39      9
9       52      48      9
9       53      57      9
9       54      36      9
9       55      45      9
9       56      54      9
9       57      33      9
9       58      42      9
9       59      51      9
9       60      30      9
9       60      60      9
        30      30
        30      30
#z2      #x2     #z2     #c2
10      30      30      10
10      31      40      10
10      32      50      10
10      33      30      10
10      33      60      10
10      34      40      10
10      35      50      10
10      36      30      10
10      36      60      10
10      37      40      10
10      38      50      10
10      39      30      10
10      39      60      10
10      40      40      10
10      41      50      10
10      42      30      10
10      42      60      10
10      43      40      10
10      44      50      10
10      45      30      10
10      45      60      10
10      46      40      10
10      47      50      10
10      48      30      10
10      48      60      10
10      49      40      10
10      50      50      10
10      51      30      10
10      51      60      10
10      52      40      10
10      53      50      10
10      54      30      10
10      54      60      10
10      55      40      10
10      56      50      10
10      57      30      10
10      57      60      10
10      58      40      10
10      59      50      10
10      60      30      10
10      60      60      10
        30      30
        30      30
#z2      #x2     #z2     #c2
11      30      30      11
11      31      41      11
11      32      52      11
11      33      33      11
11      34      44      11
11      35      55      11
11      36      36      11
11      37      47      11
11      38      58      11
11      39      39      11
11      40      50      11
11      41      31      11
11      42      42      11
11      43      53      11
11      44      34      11
11      45      45      11
11      46      56      11
11      47      37      11
11      48      48      11
11      49      59      11
11      50      40      11
11      51      51      11
11      52      32      11
11      53      43      11
11      54      54      11
11      55      35      11
11      56      46      11
11      57      57      11
11      58      38      11
11      59      49      11
11      60      30      11
11      60      60      11
        30      30
        30      30
#z2      #x2     #z2     #c2
12      30      30      12
12      31      42      12
12      32      54      12
12      33      36      12
12      34      48      12
12      35      30      12
12      35      60      12
12      36      42      12
12      37      54      12
12      38      36      12
12      39      48      12
12      40      30      12
12      40      60      12
12      41      42      12
12      42      54      12
12      43      36      12
12      44      48      12
12      45      30      12
12      45      60      12
12      46      42      12
12      47      54      12
12      48      36      12
12      49      48      12
12      50      30      12
12      50      60      12
12      51      42      12
12      52      54      12
12      53      36      12
12      54      48      12
12      55      30      12
12      55      60      12
12      56      42      12
12      57      54      12
12      58      36      12
12      59      48      12
12      60      30      12
12      60      60      12
        30      30
        30      30
#z2      #x2     #z2     #c2
13      30      30      13
13      31      43      13
13      32      56      13
13      33      39      13
13      34      52      13
13      35      35      13
13      36      48      13
13      37      31      13
13      38      44      13
13      39      57      13
13      40      40      13
13      41      53      13
13      42      36      13
13      43      49      13
13      44      32      13
13      45      45      13
13      46      58      13
13      47      41      13
13      48      54      13
13      49      37      13
13      50      50      13
13      51      33      13
13      52      46      13
13      53      59      13
13      54      42      13
13      55      55      13
13      56      38      13
13      57      51      13
13      58      34      13
13      59      47      13
13      60      60      13
        30      30
        30      30
#z2      #x2     #z2     #c2
14      30      30      14
14      31      44      14
14      32      58      14
14      33      42      14
14      34      56      14
14      35      40      14
14      36      54      14
14      37      38      14
14      38      52      14
14      39      36      14
14      40      50      14
14      41      34      14
14      42      48      14
14      43      32      14
14      44      46      14
14      45      30      14
14      45      60      14
14      46      44      14
14      47      58      14
14      48      42      14
14      49      56      14
14      50      40      14
14      51      54      14
14      52      38      14
14      53      52      14
14      54      36      14
14      55      50      14
14      56      34      14
14      57      48      14
14      58      32      14
14      59      46      14
14      60      30      14
14      60      60      14
        30      30
        30      30
#z2      #x2     #z2     #c2
15      30      30      15
15      31      45      15
15      32      30      15
15      32      60      15
15      33      45      15
15      34      30      15
15      34      60      15
15      35      45      15
15      36      30      15
15      36      60      15
15      37      45      15
15      38      30      15
15      38      60      15
15      39      45      15
15      40      30      15
15      40      60      15
15      41      45      15
15      42      30      15
15      42      60      15
15      43      45      15
15      44      30      15
15      44      60      15
15      45      45      15
15      46      30      15
15      46      60      15
15      47      45      15
15      48      30      15
15      48      60      15
15      49      45      15
15      50      30      15
15      50      60      15
15      51      45      15
15      52      30      15
15      52      60      15
15      53      45      15
15      54      30      15
15      54      60      15
15      55      45      15
15      56      30      15
15      56      60      15
15      57      45      15
15      58      30      15
15      58      60      15
15      59      45      15
15      60      30      15
15      60      60      15
        30      30
        30      30
#z2      #x2     #z2     #c2
16      30      30      16
16      31      46      16
16      32      32      16
16      33      48      16
16      34      34      16
16      35      50      16
16      36      36      16
16      37      52      16
16      38      38      16
16      39      54      16
16      40      40      16
16      41      56      16
16      42      42      16
16      43      58      16
16      44      44      16
16      45      30      16
16      45      60      16
16      46      46      16
16      47      32      16
16      48      48      16
16      49      34      16
16      50      50      16
16      51      36      16
16      52      52      16
16      53      38      16
16      54      54      16
16      55      40      16
16      56      56      16
16      57      42      16
16      58      58      16
16      59      44      16
16      60      30      16
16      60      60      16
        30      30
        30      30
#z2      #x2     #z2     #c2
17      30      30      17
17      31      47      17
17      32      34      17
17      33      51      17
17      34      38      17
17      35      55      17
17      36      42      17
17      37      59      17
17      38      46      17
17      39      33      17
17      40      50      17
17      41      37      17
17      42      54      17
17      43      41      17
17      44      58      17
17      45      45      17
17      46      32      17
17      47      49      17
17      48      36      17
17      49      53      17
17      50      40      17
17      51      57      17
17      52      44      17
17      53      31      17
17      54      48      17
17      55      35      17
17      56      52      17
17      57      39      17
17      58      56      17
17      59      43      17
17      60      30      17
17      60      60      17
        30      30
        30      30
#z2      #x2     #z2     #c2
18      30      30      18
18      31      48      18
18      32      36      18
18      33      54      18
18      34      42      18
18      35      30      18
18      35      60      18
18      36      48      18
18      37      36      18
18      38      54      18
18      39      42      18
18      40      30      18
18      40      60      18
18      41      48      18
18      42      36      18
18      43      54      18
18      44      42      18
18      45      30      18
18      45      60      18
18      46      48      18
18      47      36      18
18      48      54      18
18      49      42      18
18      50      30      18
18      50      60      18
18      51      48      18
18      52      36      18
18      53      54      18
18      54      42      18
18      55      30      18
18      55      60      18
18      56      48      18
18      57      36      18
18      58      54      18
18      59      42      18
18      60      30      18
18      60      60      18
        30      30
        30      30
#z2      #x2     #z2     #c2
19      30      30      19
19      31      49      19
19      32      38      19
19      33      57      19
19      34      46      19
19      35      35      19
19      36      54      19
19      37      43      19
19      38      32      19
19      39      51      19
19      40      40      19
19      41      59      19
19      42      48      19
19      43      37      19
19      44      56      19
19      45      45      19
19      46      34      19
19      47      53      19
19      48      42      19
19      49      31      19
19      50      50      19
19      51      39      19
19      52      58      19
19      53      47      19
19      54      36      19
19      55      55      19
19      56      44      19
19      57      33      19
19      58      52      19
19      59      41      19
19      60      30      19
19      60      60      19
        30      30
        30      30
#z2      #x2     #z2     #c2
20      30      30      20
20      31      50      20
20      32      40      20
20      33      30      20
20      33      60      20
20      34      50      20
20      35      40      20
20      36      30      20
20      36      60      20
20      37      50      20
20      38      40      20
20      39      30      20
20      39      60      20
20      40      50      20
20      41      40      20
20      42      30      20
20      42      60      20
20      43      50      20
20      44      40      20
20      45      30      20
20      45      60      20
20      46      50      20
20      47      40      20
20      48      30      20
20      48      60      20
20      49      50      20
20      50      40      20
20      51      30      20
20      51      60      20
20      52      50      20
20      53      40      20
20      54      30      20
20      54      60      20
20      55      50      20
20      56      40      20
20      57      30      20
20      57      60      20
20      58      50      20
20      59      40      20
20      60      30      20
20      60      60      20
        30      30
        30      30
#z2      #x2     #z2     #c2
21      30      30      21
21      31      51      21
21      32      42      21
21      33      33      21
21      34      54      21
21      35      45      21
21      36      36      21
21      37      57      21
21      38      48      21
21      39      39      21
21      40      30      21
21      40      60      21
21      41      51      21
21      42      42      21
21      43      33      21
21      44      54      21
21      45      45      21
21      46      36      21
21      47      57      21
21      48      48      21
21      49      39      21
21      50      30      21
21      50      60      21
21      51      51      21
21      52      42      21
21      53      33      21
21      54      54      21
21      55      45      21
21      56      36      21
21      57      57      21
21      58      48      21
21      59      39      21
21      60      30      21
21      60      60      21
        30      30
        30      30
#z2      #x2     #z2     #c2
22      30      30      22
22      31      52      22
22      32      44      22
22      33      36      22
22      34      58      22
22      35      50      22
22      36      42      22
22      37      34      22
22      38      56      22
22      39      48      22
22      40      40      22
22      41      32      22
22      42      54      22
22      43      46      22
22      44      38      22
22      45      30      22
22      45      60      22
22      46      52      22
22      47      44      22
22      48      36      22
22      49      58      22
22      50      50      22
22      51      42      22
22      52      34      22
22      53      56      22
22      54      48      22
22      55      40      22
22      56      32      22
22      57      54      22
22      58      46      22
22      59      38      22
22      60      30      22
22      60      60      22
        30      30
        30      30
#z2      #x2     #z2     #c2
23      30      30      23
23      31      53      23
23      32      46      23
23      33      39      23
23      34      32      23
23      35      55      23
23      36      48      23
23      37      41      23
23      38      34      23
23      39      57      23
23      40      50      23
23      41      43      23
23      42      36      23
23      43      59      23
23      44      52      23
23      45      45      23
23      46      38      23
23      47      31      23
23      48      54      23
23      49      47      23
23      50      40      23
23      51      33      23
23      52      56      23
23      53      49      23
23      54      42      23
23      55      35      23
23      56      58      23
23      57      51      23
23      58      44      23
23      59      37      23
23      60      30      23
23      60      60      23
        30      30
        30      30
#z2      #x2     #z2     #c2
24      30      30      24
24      31      54      24
24      32      48      24
24      33      42      24
24      34      36      24
24      35      30      24
24      35      60      24
24      36      54      24
24      37      48      24
24      38      42      24
24      39      36      24
24      40      30      24
24      40      60      24
24      41      54      24
24      42      48      24
24      43      42      24
24      44      36      24
24      45      30      24
24      45      60      24
24      46      54      24
24      47      48      24
24      48      42      24
24      49      36      24
24      50      30      24
24      50      60      24
24      51      54      24
24      52      48      24
24      53      42      24
24      54      36      24
24      55      30      24
24      55      60      24
24      56      54      24
24      57      48      24
24      58      42      24
24      59      36      24
24      60      30      24
24      60      60      24
        30      30
        30      30
#z2      #x2     #z2     #c2
25      30      30      25
25      31      55      25
25      32      50      25
25      33      45      25
25      34      40      25
25      35      35      25
25      36      30      25
25      36      60      25
25      37      55      25
25      38      50      25
25      39      45      25
25      40      40      25
25      41      35      25
25      42      30      25
25      42      60      25
25      43      55      25
25      44      50      25
25      45      45      25
25      46      40      25
25      47      35      25
25      48      30      25
25      48      60      25
25      49      55      25
25      50      50      25
25      51      45      25
25      52      40      25
25      53      35      25
25      54      30      25
25      54      60      25
25      55      55      25
25      56      50      25
25      57      45      25
25      58      40      25
25      59      35      25
25      60      30      25
25      60      60      25
        30      30
        30      30
#z2      #x2     #z2     #c2
26      30      30      26
26      31      56      26
26      32      52      26
26      33      48      26
26      34      44      26
26      35      40      26
26      36      36      26
26      37      32      26
26      38      58      26
26      39      54      26
26      40      50      26
26      41      46      26
26      42      42      26
26      43      38      26
26      44      34      26
26      45      30      26
26      45      60      26
26      46      56      26
26      47      52      26
26      48      48      26
26      49      44      26
26      50      40      26
26      51      36      26
26      52      32      26
26      53      58      26
26      54      54      26
26      55      50      26
26      56      46      26
26      57      42      26
26      58      38      26
26      59      34      26
26      60      30      26
26      60      60      26
        30      30
        30      30
#z2      #x2     #z2     #c2
27      30      30      27
27      31      57      27
27      32      54      27
27      33      51      27
27      34      48      27
27      35      45      27
27      36      42      27
27      37      39      27
27      38      36      27
27      39      33      27
27      40      30      27
27      40      60      27
27      41      57      27
27      42      54      27
27      43      51      27
27      44      48      27
27      45      45      27
27      46      42      27
27      47      39      27
27      48      36      27
27      49      33      27
27      50      30      27
27      50      60      27
27      51      57      27
27      52      54      27
27      53      51      27
27      54      48      27
27      55      45      27
27      56      42      27
27      57      39      27
27      58      36      27
27      59      33      27
27      60      30      27
27      60      60      27
        30      30
        30      30
#z2      #x2     #z2     #c2
28      30      30      28
28      31      58      28
28      32      56      28
28      33      54      28
28      34      52      28
28      35      50      28
28      36      48      28
28      37      46      28
28      38      44      28
28      39      42      28
28      40      40      28
28      41      38      28
28      42      36      28
28      43      34      28
28      44      32      28
28      45      30      28
28      45      60      28
28      46      58      28
28      47      56      28
28      48      54      28
28      49      52      28
28      50      50      28
28      51      48      28
28      52      46      28
28      53      44      28
28      54      42      28
28      55      40      28
28      56      38      28
28      57      36      28
28      58      34      28
28      59      32      28
28      60      30      28
28      60      60      28
        30      30
        30      30
#z2      #x2     #z2     #c2
29      30      30      29
29      31      59      29
29      32      58      29
29      33      57      29
29      34      56      29
29      35      55      29
29      36      54      29
29      37      53      29
29      38      52      29
29      39      51      29
29      40      50      29
29      41      49      29
29      42      48      29
29      43      47      29
29      44      46      29
29      45      45      29
29      46      44      29
29      47      43      29
29      48      42      29
29      49      41      29
29      50      40      29
29      51      39      29
29      52      38      29
29      53      37      29
29      54      36      29
29      55      35      29
29      56      34      29
29      57      33      29
29      58      32      29
29      59      31      29
29      60      30      29
        30      30
        30      30
#z2      #x2     #z2     #c2
30      30      30      30
30      30      30      30
30      31      30      30
30      31      60      30
30      32      30      30
30      32      60      30
30      33      30      30
30      33      60      30
30      34      30      30
30      34      60      30
30      35      30      30
30      35      60      30
30      36      30      30
30      36      60      30
30      37      30      30
30      37      60      30
30      38      30      30
30      38      60      30
30      39      30      30
30      39      60      30
30      40      30      30
30      40      60      30
30      41      30      30
30      41      60      30
30      42      30      30
30      42      60      30
30      43      30      30
30      43      60      30
30      44      30      30
30      44      60      30
30      45      30      30
30      45      60      30
30      46      30      30
30      46      60      30
30      47      30      30
30      47      60      30
30      48      30      30
30      48      60      30
30      49      30      30
30      49      60      30
30      50      30      30
30      50      60      30
30      51      30      30
30      51      60      30
30      52      30      30
30      52      60      30
30      53      30      30
30      53      60      30
30      54      30      30
30      54      60      30
30      55      30      30
30      55      60      30
30      56      30      30
30      56      60      30
30      57      30      30
30      57      60      30
30      58      30      30
30      58      60      30
30      59      30      30
30      59      60      30
30      60      30      30
30      60      60      30

