   045     001     000     05
   045     002     001     00
   045     003     000     05
   045     004     001     00
   045     005     000     05
   045     006     003     00
   045     007     003     00
   045     008     005     00
   045     009     000     05
   045     010     005     00
   045     011     001     00
   045     012     009     00
   045     013     006     00
   045     014     003     00
   045     015     000     05
   045     016     013     00
   045     017     011     00
   045     018     009     00
   045     019     007     00
   045     020     005     00
   045     021     003     00
   045     022     001     00
   045     023     022     00
   045     024     021     00
   045     025     020     00
   045     026     019     00
   045     027     018     00
   045     028     017     00
   045     029     016     00
   045     030     015     00
   045     031     014     00
   045     032     013     00
   045     033     012     00
   045     034     011     00
   045     035     010     00
   045     036     009     00
   045     037     008     00
   045     038     007     00
   045     039     006     00
   045     040     005     00
   045     041     004     00
   045     042     003     00
   045     043     002     00
   045     044     001     00
   045     045     000     05
