1        2         -1      #     2
1        3         -1      #     3
1        4         -1      #     4
1        5         -1      #     5
1        6         -1      #     6
1        8         -1      #     8
1        9         -1      #     9
1        10        -1      #     10
1        12        -1      #     12
1        14        -1      #     14
1        15        0       #     15
1        16        0       #     16
1        18        0       #     18
1        20        0       #     20
1        21        0       #     21
1        22        0       #     22
1        24        0       #     24
1        25        0       #     25
1        26        0       #     26
1        27        0       #     27
1        28        0       #     28
29       2         2       #     58
29       3         4       #     87
29       4         6       #     116
29       5         8       #     145
29       6         10      #     174
29       8         14      #     232
29       9         16      #     261
29       10        18      #     290
29       12        22      #     348
29       14        26      #     406
29       15        28      #     435
29       16        30      #     464
29       18        33      #     522
29       20        37      #     580
29       21        39      #     609
29       22        41      #     638
29       24        45      #     696
29       25        47      #     725
29       26        49      #     754
29       27        51      #     783
29       28        53      #     812





7        2         -1      #     14
7        3         0       #     21
7        4         0       #     28
7        5         1       #     35
7        6         1       #     42
7        8         2       #     56
7        9         3       #     63
7        10        3       #     70
7        12        4       #     84
7        14        5       #     98
7        15        6       #     105
7        16        6       #     112
7        18        7       #     126
7        20        8       #     140
7        21        8       #     147
7        22        9       #     154
7        24        10      #     168
7        25        10      #     175
7        26        11      #     182
7        27        11      #     189
7        28        12      #     196
23       2         2       #     46
23       3         3       #     69
23       4         5       #     92
23       5         6       #     115
23       6         8       #     138
23       8         11      #     184
23       9         12      #     207
23       10        14      #     230
23       12        17      #     276
23       14        20      #     322
23       15        22      #     345
23       16        23      #     368
23       18        26      #     414
23       20        29      #     460
23       21        31      #     483
23       22        32      #     506
23       24        35      #     552
23       25        37      #     575
23       26        38      #     598
23       27        40      #     621
23       28        42      #     644





11       2         0       #     22
11       3         1       #     33
11       4         2       #     44
11       5         2       #     55
11       6         3       #     66
11       8         4       #     88
11       9         5       #     99
11       10        6       #     110
11       12        7       #     132
11       14        9       #     154
11       15        10      #     165
11       16        10      #     176
11       18        12      #     198
11       20        13      #     220
11       21        14      #     231
11       22        15      #     242
11       24        16      #     264
11       25        17      #     275
11       26        18      #     286
11       27        18      #     297
11       28        19      #     308
19       2         1       #     38
19       3         2       #     57
19       4         4       #     76
19       5         5       #     95
19       6         6       #     114
19       8         9       #     152
19       9         10      #     171
19       10        11      #     190
19       12        14      #     228
19       14        16      #     266
19       15        18      #     285
19       16        19      #     304
19       18        21      #     342
19       20        24      #     380
19       21        25      #     399
19       22        26      #     418
19       24        29      #     456
19       25        30      #     475
19       26        32      #     494
19       27        33      #     513
19       28        34      #     532






13       2         0       #     26
13       3         1       #     39
13       4         2       #     52
13       5         3       #     65
13       6         4       #     78
13       8         6       #     104
13       9         6       #     117
13       10        7       #     130
13       12        9       #     156
13       14        11      #     182
13       15        12      #     195
13       16        12      #     208
13       18        14      #     234
13       20        16      #     260
13       21        17      #     273
13       22        18      #     286
13       24        19      #     312
13       25        20      #     325
13       26        21      #     338
13       27        22      #     351
13       28        23      #     364
17       2         1       #     34
17       3         2       #     51
17       4         3       #     68
17       5         4       #     85
17       6         5       #     102
17       8         8       #     136
17       9         9       #     153
17       10        10      #     170
17       12        12      #     204
17       14        14      #     238
17       15        16      #     255
17       16        17      #     272
17       18        19      #     306
17       20        21      #     340
17       21        22      #     357
17       22        24      #     374
17       24        26      #     408
17       25        27      #     425
17       26        28      #     442
17       27        29      #     459
17       28        30      #     476












