1        1         -1      #P    1
1        7         -1      #P    7
1        11        -1      #P    11
1        13        -1      #P    13
1        17        0       #P    17
1        19        0       #P    19
1        23        0       #P    23
1        29        0       #P    29
29       1         0       #P    29
29       7         12      #P    203
29       11        20      #P    319
29       13        24      #P    377
29       17        31      #P    493
29       19        35      #P    551
29       23        43      #P    667
29       29        55      #P    841



7        1         -1      #P    7
7        7         2       #P    49
7        11        4       #P    77
7        13        5       #P    91
7        17        3       #P    119
7        19        7       #P    133
7        23        9       #P    161
7        29        12      #P    203
23       29        43      #P    667
23       1         0       #P    23
23       7         9       #P    161
23       11        15      #P    253
23       13        9       #P    299
23       17        25      #P    391
23       19        28      #P    437
23       23        34      #P    529



11       1         -1      #P    11
11       7         4       #P    77
11       11        7       #P    121
11       13        8       #P    143
11       17        11      #P    187
11       19        6       #P    209
11       23        15      #P    253
11       29        20      #P    319
19       1         0       #P    19
19       7         7       #P    133
19       11        6       #P    209
19       13        15      #P    247
19       17        20      #P    323
19       19        23      #P    361
19       23        28      #P    437
19       29        35      #P    551




13       1         -1      #P    13
13       7         5       #P    91
13       11        8       #P    143
13       13        10      #P    169
13       17        13      #P    221
13       19        15      #P    247
13       23        9       #P    299
13       29        24      #P    377
17       1         0       #P    17
17       7         3       #P    119
17       11        11      #P    187
17       13        13      #P    221
17       17        18      #P    289
17       19        20      #P    323
17       23        25      #P    391
17       29        31      #P    493









