#*13     PLUS30    PRIME     MN                 #WHERE     prime*13
013      0013      000                          #PRIME     013
013      0043      001                          #PRIME     043
013      0073      002                          #PRIME     073
013      0103      003                          #PRIME     103
013      0133                004                #MN
013      0163      005                          #PRIME     163
013      0193      006                          #PRIME     193
013      0223      007                          #PRIME     223
013      0253                008                #MN
013      0283      009                          #PRIME     283
013      0313      010                          #PRIME     313
013      0343                011                #MN
013      0373      012                          #PRIME     373
013      0403                013                #MN
013      0433      014                          #PRIME     433
013      0463      015                          #PRIME     463
013      0493                016                #MN
013      0523      017                          #PRIME     523
013      0553                018                #MN
013      0583                019                #MN
013      0613      020                          #PRIME     613
013      0643      021                          #PRIME     643
013      0673      022                          #PRIME     673
013      0703                023                #MN
013      0733      024                          #PRIME     733
013      0763                025                #MN
013      0793                026                #MN
013      0823      027                          #PRIME     823
013      0853      028                          #PRIME     853
013      0883      029                          #PRIME     883
013      0913                030                #MN
013      0943                031                #MN
013      0973                032                #MN
013      1003                033                #MN
013      1033      034                          #PRIME     1033
013      1063      035                          #PRIME     1063
013      1093      036                          #PRIME     1093
013      1123      037                          #PRIME     1123
013      1153      038                          #PRIME     1153
013      1183                039                #MN
013      1213      040                          #PRIME     1213
013      1243                041                #MN
013      1273                042                #MN
013      1303      043                          #PRIME     1303
013      1333                044                #MN
013      1363                045                #MN
013      1393                046                #MN
013      1423      047                          #PRIME     1423
013      1453      048                          #PRIME     1453
013      1483      049                          #PRIME     1483
013      1513                050                #MN
013      1543      051                          #PRIME     1543
013      1573                052                #MN
013      1603                053                #MN
013      1633                054                #MN
013      1663      055                          #PRIME     1663
013      1693      056                          #PRIME     1693
013      1723      057                          #PRIME     1723
013      1753      058                          #PRIME     1753
013      1783      059                          #PRIME     1783
013      1813                060                #MN
013      1843                061                #MN
013      1873      062                          #PRIME     1873
013      1903                063                #MN
013      1933      064                          #PRIME     1933
013      1963                065                #MN
013      1993      066                          #PRIME     1993
013      2023                067                #MN
013      2053      068                          #PRIME     2053
013      2083      069                          #PRIME     2083
013      2113      070                          #PRIME     2113
013      2143      071                          #PRIME     2143
013      2173                072                #MN
013      2203      073                          #PRIME     2203
013      2233                074                #MN
013      2263                075                #MN
013      2293      076                          #PRIME     2293
013      2323                077                #MN
013      2353                078                #MN
013      2383      079                          #PRIME     2383
013      2413                080                #MN
013      2443                081                #MN
013      2473      082                          #PRIME     2473
013      2503      083                          #PRIME     2503
013      2533                084                #MN
013      2563                085                #MN
013      2593      086                          #PRIME     2593
013      2623                087                #MN
013      2653                088                #MN
013      2683      089                          #PRIME     2683
013      2713      090                          #PRIME     2713
013      2743                091                #MN
013      2773                092                #MN
013      2803      093                          #PRIME     2803
013      2833      094                          #PRIME     2883
013      2863                095                #MN
013      2893                096                #MN
013      2923                097                #MN
013      2953      098                          #PRIME     2953
013      2983                099                #MN
013      3013                100                #MN
013      3043                101                #MN
013      3073                102                #MN
013      3103                103                #MN
013      3133                104                #MN
013      3163      105                          #PRIME     3163
013      3193                106                #MN
013      3223                107                #MN
013      3253      108                          #PRIME     3253
013      3283                109                #MN
013      3313      110                          #PRIME     3313
