

prime*13          n       *13    MN
013             000      0013
043             001      0043
073             002      0073
103             003      0103
                         0133    004
163             005      0163
193             006      0193
223             007      0223
                         0253    008
283             009      0283
313             010      0313
                         0343    011
373             012      0373
                         0403    013
433             014      0433
463             015      0463
                         0493    016
523             017      0523
                         0553    018
                         0583    019
613             020      0613
643             021      0643
673             022      0673
                         0703    023
733             024      0733
                         0763    025
                         0793    026
823             027      0823
853             028      0853
883             029      0883
                         0913    030
                         0943    031
                         0973    032
                         1003    033
1033            034      1033
1063            035      1063
1093            036      1093
1123            037      1123
1153            038      1153
                         1183    039
1213            040      1213
                         1243    041
                         1273    042
1303            043      1303
                         1333    044
                         1363    045
                         1393    046
1423            047      1423
1453            048      1453
1483            049      1483
                         1513    050
1543            051      1543
                         1573    052
                         1603    053
                         1633    054
1663            055      1663
1693            056      1693
1723            057      1723
1753            058      1753
1783            059      1783
                         1813    060
                         1843    061
1873            062      1873
                         1903    063
1933            064      1933
                         1963    065
1993            066      1993
                         2023    067
2053            068      2053
2083            069      2083
2113            070      2113
2143            071      2143
                         2173    072
2203            073      2203
                         2233    074
                         2263    075
2293            076      2293
                         2323    077
                         2353    078
2383            079      2383
                         2413    080
                         2443    081
2473            082      2473
2503            083      2503
                         2533    084
                         2563    085
2593            086      2593
                         2623    087
                         2653    088
2683            089      2683
2713            090      2713
                         2743    091
                         2773    092
2803            093      2803
2883            094      2833
                         2863    095
                         2893    096
                         2923    097
2953            098      2953
                         2983    099
                         3013    100
                         3043    101
                         3073    102
                         3103    103
                         3133    104
3163            105      3163
                         3193    106
                         3223    107
3253            108      3253
                         3283    109
3313            110      3313
