5       1       0      000
5       2       5      000
5       3       10     000
5       4       15     000
5       5       20     000
5       6       25     000
5       7       30     000
5       8       0      000
5       9       5      000
5       10      10     000
5       11      15     000
5       12      20     000
5       13      25     000
5       14      30     000
5       15      0      000
5       16      5      000
5       17      10     000
5       18      15     000
5       19      20     000
5       20      25     000
5       21      30     000
5       22      0      000
5       23      5      000
5       24      10     000
5       25      15     000
5       26      20     000
5       27      25     000
5       28      30     000
5       29       0     000
