01  01  01  36

01  07  07  48

01  11  11  56

01  13  13  24

01  17  17  24

01  19  19  56

01  23  23  48

01  29  29  36


#x  #y  #z  #c
07  01  07  36

07  07  19  48  #should be 18 was 24

07  11  17  56  #should be 24   was 6

07  13  01  24   #should be 6 was 18

07  17  29  24   #should be 6 was 18

07  19  13  56  #should be 24   was 6

07  23  11  48  #should be 18 was 24

07  29  23  36


#x  #y  #z  #c
11  01  11  36

11  07  17  48

11  11  01  56

11  13  23  24

11  17  07  24

11  19  29  56

11  23  13  48

11  29  19  36


#x  #y  #z  #c
13  01  13  36

13  07  01  48

13  11  23  56

13  13  19  24

13  17  11  24

13  19  07  56

13  23  29  48

13  29  17  36


#x  #y  #z  #c
17  01  17  36

17  07  29  48

17  11  07  56

17  13  11  24

17  17  19  24

17  19  23  56

17  23  01  48

17  29  13  36


19  01  19  36

19  07  13  48

19  11  29  56

19  13  07  24

19  17  23  24

19  19  01  56

19  23  17  48

19  29  11  36


23  01  23  36

23  07  11  48  #should be 18 was 24

23  11  13  56  #should be 24   was 6

23  13  29  24   #should be 6 was 18

23  17  01  24   #should be 6 was 18

23  19  17  56  #should be 24   was 6

23  23  19  48  #should be 18 was 24

23  29  07  36


29  01  29  36

29  07  23  48

29  11  19  56

29  13  17  24

29  17  13  24

29  19  11  56

29  23  07  48

29  29  01  36


