## command to plot
##  splot "snapin01_a.txt" with points pointtype 7 pointsize 1 palette , "snapin01_b.txt" with
##  lines palette , "snapin01_c.txt" with lines palette , "snapin01_d.txt" with lines lw 3 palette
##
##   all not prime = color 1
##
#z      #x      #y     #c
1       2       2
1       3       3
1       4       4
1       5       5
1       6       6
1       8       8
1       9       9
1       10      10
1       12      12
1       14      14
1       15      15
1       16      16
1       18      18
1       20      20
1       21      21
1       22      22
1       24      24
1       25      25
1       26      26
1       27      27
1       28      28
#z      #x      #y     #c
29      2       28
29      3       27
29      4       26
29      5       25
29      6       24
29      8       22
29      9       21
29      10      20
29      12      18
29      14      16
29      15      15
29      16      14
29      18      12
29      19      11
29      20      10
29      21      9
29      22      8
29      24      6
29      25      5
29      26      4
29      27      3
29      29      1
##   all not prime = color
##
#z      #x      #y     #c
#z      #x      #y     #c
 #z      #x      #y     #c
 7       2       14
 7       3       21
 7       4       28
 7       5       5
 7       6       12
 7       8       26
 7       9       3
 7       10      10
 7       12      24
 7       14      8
 7       15      15
 7       16      22
 7       18      6
 7       20      20
 7       21      27
 7       22      4
 7       24      18
 7       25      25
 7       26      2
 7       27      9
 7       28      16
##
 #z      #x      #y     #c
 23      2       16
 23      3       9
 23      4       2
 23      5       25
 23      6       18
 23      8       4
 23      9       27
 23      10      20
 23      12      6
 23      14      22
 23      15      15
 23      16      8
 23      18      24
 23      20      10
 23      21      3
 23      22      26
 23      24      12
 23      25      5
 23      26      28
 23      27      21
 23      28      14
##   all not prime = color
##
#z      #x      #y     #c
13      2       26
13      3       9
13      4       22
13      5       5
13      6       18
13      8       14
13      9       27
13      10      10
13      12      6
13      14      2
13      15      15
13      16      28
13      18      24
13      20      20
13      21      3
13      22      16
13      24      12
13      25      25
13      26      8
13      27      21
13      28      4
 #z      #x      #y     #c
 17      2       4
 17      3       21
 17      4       8
 17      5       25
 17      6       12
 17      8       16
 17      9       3
 17      10      20
 17      12      24
 17      14      28
 17      15      15
 17      16      2
 17      18      6
 17      20      10
 17      21      27
 17      22      14
 17      24      18
 17      25      5
 17      26      22
 17      27      9
 17      28      26
##   all not prime = color
##
#z      #x      #y     #c
#z      #x      #y     #c
11      2       22
11      3       3
11      4       14
11      5       25
11      6       6
11      8       28
11      9       9
11      10      20
11      12      12
11      14      4
11      15      15
11      16      26
11      18      18
11      19      29
11      20      10
11      21      21
11      22      2
11      24      24
11      25      5
11      26      16
11      27      27
11      28      8
#z      #x      #y     #c
19      2       8
19      3       27
19      4       16
19      5       5
19      6       24
19      8       2
19      9       21
19      10      10
19      12      18
19      14      26
19      15      15
19      16      4
19      18      12
19      20      20
19      21      9
19      22      28
19      24      6
19      25      25
19      26      14
19      27      3
19      28      22

#z      #x      #y      #c
1       32      32
1       33      33
1       34      34
1       35      35
1       36      36
1       38      38
1       39      39
1       40      40
1       42      42
1       44      44
1       45      45
1       46      46
1       48      48
1       50      50
1       51      51
1       52      52
1       54      54
1       55      55
1       56      56
1       57      57
1       58      58
#z      #x      #y      #c
29      32      58
29      33      57
29      34      56
29      35      55
29      36      54
29      38      52
29      39      51
29      40      50
29      42      48
29      44      46
29      45      45
29      46      44
29      48      42
29      49      41
29      50      40
29      51      39
29      52      38
29      54      36
29      55      35
29      56      34
29      57      33
29      59      31
#z      #x      #y      #c
7       32      44
7       33      51
7       34      58
7       35      35
7       36      42
7       38      56
7       39      33
7       40      40
7       42      54
7       44      38
7       45      45
7       46      52
7       48      36
7       50      50
7       51      57
7       52      34
7       54      48
7       55      55
7       56      32
7       57      39
7       58      46
#z      #x      #y      #c
23      32      46
23      33      39
23      34      32
23      35      55
23      36      48
23      38      34
23      39      57
23      40      50
23      42      36
23      44      52
23      45      45
23      46      38
23      48      54
23      50      40
23      51      33
23      52      56
23      54      42
23      55      35
23      56      58
23      57      51
23      58      44
#z      #x      #y      #c
13      32      56
13      33      39
13      34      52
13      35      35
13      36      48
13      38      44
13      39      57
13      40      40
13      42      36
13      44      32
13      45      45
13      46      58
13      48      54
13      50      50
13      51      33
13      52      46
13      54      42
13      55      55
13      56      38
13      57      51
13      58      34
#z      #x      #y      #c
17      32      34
17      33      51
17      34      38
17      35      55
17      36      42
17      38      46
17      39      33
17      40      50
17      42      54
17      44      58
17      45      45
17      46      32
17      48      36
17      50      40
17      51      57
17      52      44
17      54      48
17      55      35
17      56      52
17      57      39
17      58      56
#z      #x      #y      #c
11      32      52
11      33      33
11      34      44
11      35      55
11      36      36
11      38      58
11      39      39
11      40      50
11      42      42
11      44      34
11      45      45
11      46      56
11      48      48
11      49      59
11      50      40
11      51      51
11      52      32
11      54      54
11      55      35
11      56      46
11      57      57
11      58      38
#z      #x      #y      #c
19      32      38
19      33      57
19      34      46
19      35      35
19      36      54
19      38      32
19      39      51
19      40      40
19      42      48
19      44      56
19      45      45
19      46      34
19      48      42
19      50      50
19      51      39
19      52      58
19      54      36
19      55      55
19      56      44
19      57      33
19      58      52

