#       00
        00              00              00
        00              01              01
        00              02              02
        00              03              03
        00              04              04
        00              05              05
        00              06              06
        00              07              07

#       01
        01              00              00
        01              01              01
        01              02              02
        01              03              03
        01              04              04
        01              05              05
        01              06              06
        01              07              07

#       02
        02              00              00
        02              01              02
        02              02              04
        02              03              06
        02              04              08
        02              05              10
        02              06              12
        02              07              14

#       03
        03              00              00
        03              01              03
        03              02              06
        03              03              09
        03              04              12
        03              05              15
        03              06              18
        03              07              21

#       04
        04              00              00
        04              01              04
        04              02              08
        04              03              12
        04              04              16
        04              05              20
        04              06              24
        04              07              28

#       05
        05              00              00
        05              01              05
        05              02              10
        05              03              15
        05              04              20
        05              05              25
        05              06              30
        05              07              35

#       06
        06              00              00
        06              01              06
        06              02              12
        06              03              18
        06              04              24
        06              05              30
        06              06              36
        06              07              42

#       07
        07              00              00
        07              01              07
        07              02              14
        07              03              21
        07              04              28
        07              05              35
        07              06              42
        07              07              49

