 #z      #x      #y      #c
 1       0       0       1
 1       1       1       1
 1       2       2       1
 1       3       3       1
 1       4       4       1
 1       5       5       1
 1       6       6       1
 1       7       7       1
 1       8       8       1
 1       9       9       1
 1       10      10      1
 1       11      11      1
 1       12      12      1
 1       13      13      1
 1       14      14      1
 1       15      15      1
 1       16      16      1
 1       17      17      1
 1       18      18      1
 1       19      19      1
 1       20      20      1
 1       21      21      1
 1       22      22      1
 1       23      23      1
 1       24      24      1
 1       25      25      1
 1       26      26      1
 1       27      27      1
 1       28      28      1
 1       29      29      1
 1       30      00      1
 1       30      30      1
 #z      #x      #y      #c
 29      0       0       1
 29      1       29      1
 29      2       28      1
 29      3       27      1
 29      4       26      1
 29      5       25      1
 29      6       24      1
 29      7       23      1
 29      8       22      1
 29      9       21      1
 29      10      20      1
 29      11      19      1
 29      12      18      1
 29      13      17      1
 29      14      16      1
 29      15      15      1
 29      16      14      1
 29      17      13      1
 29      18      12      1
 29      19      11      1
 29      20      10      1
 29      21      9       1
 29      22      8       1
 29      23      7       1
 29      24      6       1
 29      25      5       1
 29      26      4       1
 29      27      3       1
 29      28      2       1
 29      29      1       1
 29      30      0       1
 29      30      00      1
 29      30      30      1




 #z      #x      #y      #c
 7       0       0       7
 7       1       7       7
 7       2       14      7
 7       3       21      7
 7       4       28      7
 7       5       5       7
 7       6       12      7
 7       7       19      7
 7       8       26      7
 7       9       3       7
 7       10      10      7
 7       11      17      7
 7       12      24      7
 7       13      1       7
 7       14      8       7
 7       15      15      7
 7       16      22      7
 7       17      29      7
 7       18      6       7
 7       19      13      7
 7       20      20      7
 7       21      27      7
 7       22      4       7
 7       23      11      7
 7       24      18      7
 7       25      25      7
 7       26      2       7
 7       27      9       7
 7       28      16      7
 7       29      23      7
 7       30      00      7
 7       30      30      7
 #z      #x      #y      #c
 23      0       0       7
 23      1       23      7
 23      2       16      7
 23      3       9       7
 23      4       2       7
 23      5       25      7
 23      6       18      7
 23      7       11      7
 23      8       4       7
 23      9       27      7
 23      10      20      7
 23      11      13      7
 23      12      6       7
 23      13      29      7
 23      14      22      7
 23      15      15      7
 23      16      8       7
 23      17      1       7
 23      18      24      7
 23      19      17      7
 23      20      10      7
 23      21      3       7
 23      22      26      7
 23      23      19      7
 23      24      12      7
 23      25      5       7
 23      26      28      7
 23      27      21      7
 23      28      14      7
 23      29      7       7
 23      30      00      7
 23      30      30      7




 #z      #x      #y      #c
 11      0       0       11
 11      1       11      11
 11      2       22      11
 11      3       3       11
 11      4       14      11
 11      5       25      11
 11      6       6       11
 11      7       17      11
 11      8       28      11
 11      9       9       11
 11      10      20      11
 11      11      1       11
 11      12      12      11
 11      13      23      11
 11      14      4       11
 11      15      15      11
 11      16      26      11
 11      17      7       11
 11      18      18      11
 11      19      29      11
 11      20      10      11
 11      21      21      11
 11      22      2       11
 11      23      13      11
 11      24      24      11
 11      25      5       11
 11      26      16      11
 11      27      27      11
 11      28      8       11
 11      29      19      11
 11      30      0       11
 11      30      00      11
 11      30      30      11
 #z      #x      #y      #c
 19      0       0       11
 19      1       19      11
 19      2       8       11
 19      3       27      11
 19      4       16      11
 19      5       5       11
 19      6       24      11
 19      7       13      11
 19      8       2       11
 19      9       21      11
 19      10      10      11
 19      11      29      11
 19      12      18      11
 19      13      7       11
 19      14      26      11
 19      15      15      11
 19      16      4       11
 19      17      23      11
 19      18      12      11
 19      19      1       11
 19      20      20      11
 19      21      9       11
 19      22      28      11
 19      23      17      11
 19      24      6       11
 19      25      25      11
 19      26      14      11
 19      27      3       11
 19      28      22      11
 19      29      11      11
 19      30      00      11
 19      30      30      11





 #z      #x      #y      #c
 13      0       0       13
 13      1       13      13
 13      2       26      13
 13      3       9       13
 13      4       22      13
 13      5       5       13
 13      6       18      13
 13      7       1       13
 13      8       14      13
 13      9       27      13
 13      10      10      13
 13      11      23      13
 13      12      6       13
 13      13      19      13
 13      14      2       13
 13      15      15      13
 13      16      28      13
 13      17      11      13
 13      18      24      13
 13      19      7       13
 13      20      20      13
 13      21      3       13
 13      22      16      13
 13      23      29      13
 13      24      12      13
 13      25      25      13
 13      26      8       13
 13      27      21      13
 13      28      4       13
 13      29      17      13
 13      30      00      13
 13      30      30      13
 #z      #x      #y      #c
 17      0       0       13
 17      1       17      13
 17      2       4       13
 17      3       21      13
 17      4       8       13
 17      5       25      13
 17      6       12      13
 17      7       29      13
 17      8       16      13
 17      9       3       13
 17      10      20      13
 17      11      7       13
 17      12      24      13
 17      13      11      13
 17      14      28      13
 17      15      15      13
 17      16      2       13
 17      17      19      13
 17      18      6       13
 17      19      23      13
 17      20      10      13
 17      21      27      13
 17      22      14      13
 17      23      1       13
 17      24      18      13
 17      25      5       13
 17      26      22      13
 17      27      9       13
 17      28      26      13
 17      29      13      13
 17      30      00      13
 17      30      30      13




 #z      #x      #y      #c
 0       0       0       30
 0       1       0       30
 0       2       0       30
 0       3       0       30
 0       4       0       30
 0       5       0       30
 0       6       0       30
 0       7       0       30
 0       8       0       30
 0       9       0       30
 0       10      0       30
 0       11      0       30
 0       12      0       30
 0       13      0       30
 0       14      0       30
 0       15      0       30
 0       16      0       30
 0       17      0       30
 0       18      0       30
 0       19      0       30
 0       20      0       30
 0       21      0       30
 0       22      0       30
 0       23      0       30
 0       24      0       30
 0       25      0       30
 0       26      0       30
 0       27      0       30
 0       28      0       30
 0       29      0       30
 0       30      0       30
 #z      #x      #y      #c
 2       0       0       30
 2       1       2       30
 2       2       4       30
 2       3       6       30
 2       4       8       30
 2       5       10      30
 2       6       12      30
 2       7       14      30
 2       8       16      30
 2       9       18      30
 2       10      20      30
 2       11      22      30
 2       12      24      30
 2       13      26      30
 2       14      28      30
 2       15      0       30
 2       15      30      30
 2       16      2       30
 2       17      4       30
 2       18      6       30
 2       19      8       30
 2       20      10      30
 2       21      12      30
 2       22      14      30
 2       23      16      30
 2       24      18      30
 2       25      20      30
 2       26      22      30
 2       27      24      30
 2       28      26      30
 2       29      28      30
 2       30      00      30
 2       30      30      30
 #z      #x      #y      #c
 3       0       0       30
 3       1       3       30
 3       2       6       30
 3       3       9       30
 3       4       12      30
 3       5       15      30
 3       6       18      30
 3       7       21      30
 3       8       24      30
 3       9       27      30
 3       10      0       30
 3       10      30      30
 3       11      3       30
 3       12      6       30
 3       13      9       30
 3       14      12      30
 3       15      15      30
 3       16      18      30
 3       17      21      30
 3       18      24      30
 3       19      27      30
 3       20      0       30
 3       20      30      30
 3       21      3       30
 3       22      6       30
 3       23      9       30
 3       24      12      30
 3       25      15      30
 3       26      18      30
 3       27      21      30
 3       28      24      30
 3       29      27      30
 3       30      0       30
 3       30      00      30
 3       30      30      30
 #z      #x      #y      #c
 4       0       0       30
 4       1       4       30
 4       2       8       30
 4       3       12      30
 4       4       16      30
 4       5       20      30
 4       6       24      30
 4       7       28      30
 4       8       2       30
 4       9       6       30
 4       10      10      30
 4       11      14      30
 4       12      18      30
 4       13      22      30
 4       14      26      30
 4       15      0       30
 4       15      30      30
 4       16      4       30
 4       17      8       30
 4       18      12      30
 4       19      16      30
 4       20      20      30
 4       21      24      30
 4       22      28      30
 4       23      2       30
 4       24      6       30
 4       25      10      30
 4       26      14      30
 4       27      18      30
 4       28      22      30
 4       29      26      30
 4       30      0       30
 4       30      00      30
 4       30      30      30
 #z      #x      #y      #c
 5       0       0       30
 5       1       5       30
 5       2       10      30
 5       3       15      30
 5       4       20      30
 5       5       25      30
 5       6       0       30
 5       6       30      30
 5       7       0       30
 5       8       5       30
 5       9       10      30
 5       10      15      30
 5       11      20      30
 5       12      25      30
 5       13      0       30
 5       13      30      30
 5       14      0       30
 5       15      5       30
 5       16      10      30
 5       17      15      30
 5       18      20      30
 5       19      25      30
 5       20      0       30
 5       20      30      30
 5       21      0       30
 5       22      5       30
 5       23      10      30
 5       24      15      30
 5       25      20      30
 5       26      25      30
 5       27      0       30
 5       27      30      30
 5       28      0       30
 5       29      5       30
 5       30      00      30
 5       30      10      30
 5       30      30      30
 #z      #x      #y      #c
 6       0       0       30
 6       1       6       30
 6       2       12      30
 6       3       18      30
 6       4       24      30
 6       5       0       30
 6       5       30      30
 6       6       6       30
 6       7       12      30
 6       8       18      30
 6       9       24      30
 6       10      30      30
 6       11      6       30
 6       12      12      30
 6       13      18      30
 6       14      24      30
 6       15      0       30
 6       15      30      30
 6       16      6       30
 6       17      12      30
 6       18      18      30
 6       19      24      30
 6       20      0       30
 6       20      30      30
 6       21      6       30
 6       22      12      30
 6       23      18      30
 6       24      24      30
 6       25      0       30
 6       25      30      30
 6       26      6       30
 6       27      12      30
 6       28      18      30
 6       29      24      30
 6       30      0       30
 6       30      00      30
 6       30      30      30
 #z      #x      #y      #c
 8       0       0       30
 8       1       8       30
 8       2       16      30
 8       3       24      30
 8       4       2       30
 8       5       10      30
 8       6       18      30
 8       7       26      30
 8       8       4       30
 8       9       12      30
 8       10      20      30
 8       11      28      30
 8       12      6       30
 8       13      14      30
 8       14      22      30
 8       15      0       30
 8       15      30      30
 8       16      8       30
 8       17      16      30
 8       18      24      30
 8       19      2       30
 8       20      10      30
 8       21      18      30
 8       22      26      30
 8       23      4       30
 8       24      12      30
 8       25      20      30
 8       26      28      30
 8       27      6       30
 8       28      14      30
 8       29      22      30
 8       30      0       30
 8       30      00      30
 8       30      30      30
 #z      #x      #y      #c
 9       0       0       30
 9       1       9       30
 9       2       18      30
 9       3       27      30
 9       4       6       30
 9       5       15      30
 9       6       24      30
 9       7       3       30
 9       8       12      30
 9       9       21      30
 9       10      0       30
 9       10      30      30
 9       11      9       30
 9       12      18      30
 9       13      27      30
 9       14      6       30
 9       15      15      30
 9       16      24      30
 9       17      3       30
 9       18      12      30
 9       19      21      30
 9       20      0       30
 9       20      30      30
 9       21      9       30
 9       22      18      30
 9       23      27      30
 9       24      6       30
 9       25      15      30
 9       26      24      30
 9       27      3       30
 9       28      12      30
 9       29      21      30
 9       30      0       30
 9       30      00      30
 9       30      30      30
 #z      #x      #y      #c
 10      0       0       30
 10      1       10      30
 10      2       20      30
 10      3       0       30
 10      3       30      30
 10      4       10      30
 10      5       20      30
 10      6       0       30
 10      6       30      30
 10      7       10      30
 10      8       20      30
 10      9       0       30
 10      9       30      30
 10      10      10      30
 10      11      20      30
 10      12      0       30
 10      12      30      30
 10      13      10      30
 10      14      20      30
 10      15      0       30
 10      15      30      30
 10      16      10      30
 10      17      20      30
 10      18      0       30
 10      18      30      30
 10      19      10      30
 10      20      20      30
 10      21      0       30
 10      21      30      30
 10      22      10      30
 10      23      20      30
 10      24      0       30
 10      24      30      30
 10      25      10      30
 10      26      20      30
 10      27      0       30
 10      27      30      30
 10      28      10      30
 10      29      20      30
 10      30      0       30
 10      30      00      30
 10      30      30      30
 #z      #x      #y      #c
 12      0       0       30
 12      1       12      30
 12      2       24      30
 12      3       6       30
 12      4       18      30
 12      5       00      30
 12      5       30      30
 12      6       12      30
 12      7       24      30
 12      8       6       30
 12      9       18      30
 12      10      00      30
 12      10      30      30
 12      11      12      30
 12      12      24      30
 12      13      6       30
 12      14      18      30
 12      15      00      30
 12      15      30      30
 12      16      12      30
 12      17      24      30
 12      18      6       30
 12      19      18      30
 12      20      00      30
 12      20      30      30
 12      21      12      30
 12      22      24      30
 12      23      6       30
 12      24      18      30
 12      25      00      30
 12      25      30      30
 12      26      12      30
 12      27      24      30
 12      28      6       30
 12      29      18      30
 12      30      00      30
 12      30      30      30
 #z      #x      #y      #c
 14      0       0       30
 14      1       14      30
 14      2       28      30
 14      3       12      30
 14      4       26      30
 14      5       10      30
 14      6       24      30
 14      7       8       30
 14      8       22      30
 14      9       6       30
 14      10      20      30
 14      11      4       30
 14      12      18      30
 14      13      2       30
 14      14      16      30
 14      15      00      30
 14      15      30      30
 14      16      14      30
 14      17      28      30
 14      18      12      30
 14      19      26      30
 14      20      10      30
 14      21      24      30
 14      22      8       30
 14      23      22      30
 14      24      6       30
 14      25      20      30
 14      26      4       30
 14      27      18      30
 14      28      2       30
 14      29      16      30
 14      30      00      30
 14      30      30      30
 #z      #x      #y      #c
 15      0       0       30
 15      1       15      30
 15      2       00      30
 15      2       30      30
 15      3       15      30
 15      4       00      30
 15      4       30      30
 15      5       15      30
 15      6       00      30
 15      6       30      30
 15      7       15      30
 15      8       00      30
 15      8       30      30
 15      9       15      30
 15      10      00      30
 15      10      30      30
 15      11      15      30
 15      12      00      30
 15      12      30      30
 15      13      15      30
 15      14      00      30
 15      14      30      30
 15      15      15      30
 15      16      00      30
 15      16      30      30
 15      17      15      30
 15      18      00      30
 15      18      30      30
 15      19      15      30
 15      20      00      30
 15      20      30      30
 15      21      15      30
 15      22      00      30
 15      22      30      30
 15      23      15      30
 15      24      00      30
 15      24      30      30
 15      25      15      30
 15      26      00      30
 15      26      30      30
 15      27      15      30
 15      28      00      30
 15      28      30      30
 15      29      15      30
 15      30      00      30
 15      30      30      30
 #z      #x      #y      #c
 16      0       0       30
 16      1       16      30
 16      2       2       30
 16      3       18      30
 16      4       4       30
 16      5       20      30
 16      6       6       30
 16      7       22      30
 16      8       8       30
 16      9       24      30
 16      10      10      30
 16      11      26      30
 16      12      12      30
 16      13      28      30
 16      14      14      30
 16      15      00      30
 16      15      30      30
 16      16      16      30
 16      17      2       30
 16      18      18      30
 16      19      4       30
 16      20      20      30
 16      21      6       30
 16      22      22      30
 16      23      8       30
 16      24      24      30
 16      25      10      30
 16      26      26      30
 16      27      12      30
 16      28      28      30
 16      29      14      30
 16      30      00      30
 16      30      30      30
 #z      #x      #y      #c
 18      0       0       30
 18      1       18      30
 18      2       6       30
 18      3       24      30
 18      4       12      30
 18      5       00      30
 18      5       30      30
 18      6       18      30
 18      7       6       30
 18      8       24      30
 18      9       12      30
 18      10      00      30
 18      10      30      30
 18      11      18      30
 18      12      6       30
 18      13      24      30
 18      14      12      30
 18      15      00      30
 18      15      30      30
 18      16      18      30
 18      17      6       30
 18      18      24      30
 18      19      12      30
 18      20      00      30
 18      20      30      30
 18      21      18      30
 18      22      6       30
 18      23      24      30
 18      24      12      30
 18      25      00      30
 18      25      30      30
 18      26      18      30
 18      27      6       30
 18      28      24      30
 18      29      12      30
 18      30      00      30
 18      30      30      30
 #z      #x      #y      #c
 20      0       0       30
 20      1       20      30
 20      2       10      30
 20      3       00      30
 20      3       30      30
 20      4       20      30
 20      5       10      30
 20      6       00      30
 20      6       30      30
 20      7       20      30
 20      8       10      30
 20      9       00      30
 20      9       30      30
 20      10      20      30
 20      11      10      30
 20      12      00      30
 20      12      30      30
 20      13      20      30
 20      14      10      30
 20      15      00      30
 20      15      30      30
 20      16      20      30
 20      17      10      30
 20      18      00      30
 20      18      30      30
 20      19      20      30
 20      20      10      30
 20      21      00      30
 20      21      30      30
 20      22      20      30
 20      23      10      30
 20      24      00      30
 20      24      30      30
 20      25      20      30
 20      26      10      30
 20      27      00      30
 20      27      30      30
 20      28      20      30
 20      29      10      30
 20      30      00      30
 20      30      30      30
 #z      #x      #y      #c
 21      0       0       30
 21      1       21      30
 21      2       12      30
 21      3       3       30
 21      4       24      30
 21      5       15      30
 21      6       6       30
 21      7       27      30
 21      8       18      30
 21      9       9       30
 21      10      00      30
 21      10      30      30
 21      11      21      30
 21      12      12      30
 21      13      3       30
 21      14      24      30
 21      15      15      30
 21      16      6       30
 21      17      27      30
 21      18      18      30
 21      19      9       30
 21      20      00      30
 21      20      30      30
 21      21      21      30
 21      22      12      30
 21      23      3       30
 21      24      24      30
 21      25      15      30
 21      26      6       30
 21      27      27      30
 21      28      18      30
 21      29      9       30
 21      30      00      30
 21      30      30      30
 #z      #x      #y      #c
 22      0       0       30
 22      1       22      30
 22      2       14      30
 22      3       6       30
 22      4       28      30
 22      5       20      30
 22      6       12      30
 22      7       4       30
 22      8       26      30
 22      9       18      30
 22      10      10      30
 22      11      2       30
 22      12      24      30
 22      13      16      30
 22      14      8       30
 22      15      00      30
 22      15      30      30
 22      16      22      30
 22      17      14      30
 22      18      6       30
 22      19      28      30
 22      20      20      30
 22      21      12      30
 22      22      4       30
 22      23      26      30
 22      24      18      30
 22      25      10      30
 22      26      2       30
 22      27      24      30
 22      28      16      30
 22      29      8       30
 22      30      00      30
 22      30      30      30
 #z      #x      #y      #c
 24      0       0       30
 24      1       24      30
 24      2       18      30
 24      3       12      30
 24      4       6       30
 24      5       00      30
 24      5       30      30
 24      6       24      30
 24      7       18      30
 24      8       12      30
 24      9       6       30
 24      10      00      30
 24      10      30      30
 24      11      24      30
 24      12      18      30
 24      13      12      30
 24      14      6       30
 24      15      00      30
 24      15      30      30
 24      16      24      30
 24      17      18      30
 24      18      12      30
 24      19      6       30
 24      20      00      30
 24      20      30      30
 24      21      24      30
 24      22      18      30
 24      23      12      30
 24      24      6       30
 24      25      00      30
 24      25      30      30
 24      26      24      30
 24      27      18      30
 24      28      12      30
 24      29      6       30
 24      30      00      30
 24      30      30      30
 #z      #x      #y      #c
 25      0       0       30
 25      1       25      30
 25      2       20      30
 25      3       15      30
 25      4       10      30
 25      5       5       30
 25      6       00      30
 25      6       30      30
 25      7       25      30
 25      8       20      30
 25      9       15      30
 25      10      10      30
 25      11      5       30
 25      12      00      30
 25      12      30      30
 25      13      25      30
 25      14      20      30
 25      15      15      30
 25      16      10      30
 25      17      5       30
 25      18      00      30
 25      18      30      30
 25      19      25      30
 25      20      20      30
 25      21      15      30
 25      22      10      30
 25      23      5       30
 25      24      00      30
 25      24      30      30
 25      25      25      30
 25      26      20      30
 25      27      15      30
 25      28      10      30
 25      29      5       30
 25      30      00      30
 25      30      30      30
 #z      #x      #y      #c
 26      0       0       30
 26      1       26      30
 26      2       22      30
 26      3       18      30
 26      4       14      30
 26      5       10      30
 26      6       6       30
 26      7       2       30
 26      8       28      30
 26      9       24      30
 26      10      20      30
 26      11      16      30
 26      12      12      30
 26      13      8       30
 26      14      4       30
 26      15      00      30
 26      15      30      30
 26      16      26      30
 26      17      22      30
 26      18      18      30
 26      19      14      30
 26      20      10      30
 26      21      6       30
 26      22      2       30
 26      23      28      30
 26      24      24      30
 26      25      20      30
 26      26      16      30
 26      27      12      30
 26      28      8       30
 26      29      4       30
 26      30      00      30
 26      30      30      30
 #z      #x      #y      #c
 27      0       0       30
 27      1       27      30
 27      2       24      30
 27      3       21      30
 27      4       18      30
 27      5       15      30
 27      6       12      30
 27      7       9       30
 27      8       6       30
 27      9       3       30
 27      10      00      30
 27      10      30      30
 27      11      27      30
 27      12      24      30
 27      13      21      30
 27      14      18      30
 27      15      15      30
 27      16      12      30
 27      17      9       30
 27      18      6       30
 27      19      3       30
 27      20      00      30
 27      20      30      30
 27      21      27      30
 27      22      24      30
 27      23      21      30
 27      24      18      30
 27      25      15      30
 27      26      12      30
 27      27      9       30
 27      28      6       30
 27      29      3       30
 27      30      00      30
 27      30      30      30
 #z      #x      #y      #c
 28      0       0       30
 28      1       28      30
 28      2       26      30
 28      3       24      30
 28      4       22      30
 28      5       20      30
 28      6       18      30
 28      7       16      30
 28      8       14      30
 28      9       12      30
 28      10      10      30
 28      11      8       30
 28      12      6       30
 28      13      4       30
 28      14      2       30
 28      15      00      30
 28      15      30      30
 28      16      28      30
 28      17      26      30
 28      18      24      30
 28      19      22      30
 28      20      20      30
 28      21      18      30
 28      22      16      30
 28      23      14      30
 28      24      12      30
 28      25      10      30
 28      26      8       30
 28      27      6       30
 28      28      4       30
 28      29      2       30
 28      30      00      30
 28      30      30      30
 #z      #x      #y      #c
 30       0      00      30
 30       1      00      30
 30       1      30      30
 30       2      00      30
 30       2      30      30
 30       3      00      30
 30       3      30      30
 30       4      00      30
 30       4      30      30
 30       5      00      30
 30       5      30      30
 30       6      00      30
 30       6      30      30
 30       7      00      30
 30       7      30      30
 30       8      00      30
 30       8      30      30
 30       9      00      30
 30       9      30      30
 30      10      00      30
 30      10      30      30
 30      11      00      30
 30      11      30      30
 30      12      00      30
 30      12      30      30
 30      13      00      30
 30      13      30      30
 30      14      00      30
 30      14      30      30
 30      15      00      30
 30      15      30      30
 30      16      00      30
 30      16      30      30
 30      17      00      30
 30      17      30      30
 30      18      00      30
 30      18      30      30
 30      19      00      30
 30      19      30      30
 30      20      00      30
 30      20      30      30
 30      21      00      30
 30      21      30      30
 30      22      00      30
 30      22      30      30
 30      23      00      30
 30      23      30      30
 30      24      00      30
 30      24      30      30
 30      25      00      30
 30      25      30      30
 30      26      00      30
 30      26      30      30
 30      27      00      30
 30      27      30      30
 30      28      00      30
 30      28      30      30
 30      29      00      30
 30      29      30      30
 30      30      00      30
 30      30      30      30
