#
1       1       1      1
1       7       7      1
1       11      11     1
1       13      13     1
1       17      17     1
1       19      19     1
1       23      23     1
1       29      29     1
29      1       29     1
29      7       23     1
29      11      19     1
29      13      17     1
29      17      13     1
29      19      11     1
29      23      7      1
29      29      1      1
7       1       7      1
7       7       19     1
7       11      17     1
7       13      1      1
7       17      29     1
7       19      13     1
7       23      11     1
7       29      23     1
23      1       23     1
23      7       11     1
23      11      13     1
23      13      29     1
23      17      1      1
23      19      17     1
23      23      19     1
23      29      7      1
11      1       11     1
11      7       17     1
11      11      1      1
11      13      23     1
11      17      7      1
11      19      29     1
11      23      13     1
11      29      19     1
19      1       19     1
19      7       13     1
19      11      29     1
19      13      7      1
19      17      23     1
19      19      1      1
19      23      17     1
19      29      11     1
13      1       13     1
13      7       1      1
13      11      23     1
13      13      19     1
13      17      11     1
13      19      7      1
13      23      29     1
13      29      17     1
17      1       17     1
17      7       29     1
17      11      7      1
17      13      11     1
17      17      19     1
17      19      23     1
17      23      1      1
17      29      13     1
#here1
1       31      31     1
1       37      37     1
1       41      41     1
1       43      43     1
1       47      47     1
1       49      49     1
1       53      53     1
1       59      59     1
7       31      37     1
7       37      49     1
7       41      47     1
7       43      31     1
7       47      59     1
7       49      43     1
7       53      41     1
7       59      53     1
11      31      41     1
11      37      47     1
11      41      31     1
11      43      53     1
11      47      37     1
11      49      59     1
11      53      43     1
11      59      49     1
13      31      43     1
13      37      31     1
13      41      53     1
13      43      49     1
13      47      41     1
13      49      37     1
13      53      59     1
13      59      47     1
17      31      47     1
17      37      59     1
17      41      37     1
17      43      41     1
17      47      49     1
17      49      53     1
17      53      31     1
17      59      43     1
19      31      49     1
19      37      43     1
19      41      59     1
19      43      37     1
19      47      53     1
19      49      31     1
19      53      47     1
19      59      41     1
23      31      53     1
23      37      41     1
23      41      43     1
23      43      59     1
23      47      31     1
23      49      47     1
23      53      49     1
23      59      37     1
29      31      59     1
29      37      53     1
29      41      49     1
29      43      47     1
29      47      43     1
29      49      41     1
29      53      37     1
29      59      31     1
