  1   362    1080      2
  1   363    1440      2
  1   364    1800      2
  1   365    2160      2
  1   366    2520      2
  1   367    2880      2
  1   368    3240      2
  1   369    3600      2
  1   370    3960      2
  1   371    4320      2
  1   372    4680      2
  1   373    5040      2
  1   374    5400      2
  1   375    5760      2
  1   376    6120      2
  1   377    6480      2
  1   378    6840      2
  1   379    7200      2
  1   380    7560      2
  1   381    7920      2
  1   382    8280      2
  1   383    8640      2
  1   384    9000      2
  1   385    9360      2
  1   386    9720      2
  1   387   10080      2
  1   388   10440      2
  1   389   10800      2
  1   390   11160      2
  7   362    1080      2
  7   363    1440      2
  7   364    1800      2
  7   365    2160      2
  7   366    2520      2
  7   367    2880      2
  7   368    3240      2
  7   369    3600      2
  7   370    3960      2
  7   371    4320      2
  7   372    4680      2
  7   373    5040      2
  7   374    5400      2
  7   375    5760      2
  7   376    6120      2
  7   377    6480      2
  7   378    6840      2
  7   379    7200      2
  7   380    7560      2
  7   381    7920      2
  7   382    8280      2
  7   383    8640      2
  7   384    9000      2
  7   385    9360      2
  7   386    9720      2
  7   387   10080      2
  7   388   10440      2
  7   389   10800      2
  7   390   11160      2
 11   362    1080      2
 11   363    1440      2
 11   364    1800      2
 11   365    2160      2
 11   366    2520      2
 11   367    2880      2
 11   368    3240      2
 11   369    3600      2
 11   370    3960      2
 11   371    4320      2
 11   372    4680      2
 11   373    5040      2
 11   374    5400      2
 11   375    5760      2
 11   376    6120      2
 11   377    6480      2
 11   378    6840      2
 11   379    7200      2
 11   380    7560      2
 11   381    7920      2
 11   382    8280      2
 11   383    8640      2
 11   384    9000      2
 11   385    9360      2
 11   386    9720      2
 11   387   10080      2
 11   388   10440      2
 11   389   10800      2
 11   390   11160      2
 13   362    1080      2
 13   363    1440      2
 13   364    1800      2
 13   365    2160      2
 13   366    2520      2
 13   367    2880      2
 13   368    3240      2
 13   369    3600      2
 13   370    3960      2
 13   371    4320      2
 13   372    4680      2
 13   373    5040      2
 13   374    5400      2
 13   375    5760      2
 13   376    6120      2
 13   377    6480      2
 13   378    6840      2
 13   379    7200      2
 13   380    7560      2
 13   381    7920      2
 13   382    8280      2
 13   383    8640      2
 13   384    9000      2
 13   385    9360      2
 13   386    9720      2
 13   387   10080      2
 13   388   10440      2
 13   389   10800      2
 13   390   11160      2
 17   362    1080      2
 17   363    1440      2
 17   364    1800      2
 17   365    2160      2
 17   366    2520      2
 17   367    2880      2
 17   368    3240      2
 17   369    3600      2
 17   370    3960      2
 17   371    4320      2
 17   372    4680      2
 17   373    5040      2
 17   374    5400      2
 17   375    5760      2
 17   376    6120      2
 17   377    6480      2
 17   378    6840      2
 17   379    7200      2
 17   380    7560      2
 17   381    7920      2
 17   382    8280      2
 17   383    8640      2
 17   384    9000      2
 17   385    9360      2
 17   386    9720      2
 17   387   10080      2
 17   388   10440      2
 17   389   10800      2
 17   390   11160      2
 19   362    1080      2
 19   363    1440      2
 19   364    1800      2
 19   365    2160      2
 19   366    2520      2
 19   367    2880      2
 19   368    3240      2
 19   369    3600      2
 19   370    3960      2
 19   371    4320      2
 19   372    4680      2
 19   373    5040      2
 19   374    5400      2
 19   375    5760      2
 19   376    6120      2
 19   377    6480      2
 19   378    6840      2
 19   379    7200      2
 19   380    7560      2
 19   381    7920      2
 19   382    8280      2
 19   383    8640      2
 19   384    9000      2
 19   385    9360      2
 19   386    9720      2
 19   387   10080      2
 19   388   10440      2
 19   389   10800      2
 19   390   11160      2
 23   362    1080      2
 23   363    1440      2
 23   364    1800      2
 23   365    2160      2
 23   366    2520      2
 23   367    2880      2
 23   368    3240      2
 23   369    3600      2
 23   370    3960      2
 23   371    4320      2
 23   372    4680      2
 23   373    5040      2
 23   374    5400      2
 23   375    5760      2
 23   376    6120      2
 23   377    6480      2
 23   378    6840      2
 23   379    7200      2
 23   380    7560      2
 23   381    7920      2
 23   382    8280      2
 23   383    8640      2
 23   384    9000      2
 23   385    9360      2
 23   386    9720      2
 23   387   10080      2
 23   388   10440      2
 23   389   10800      2
 23   390   11160      2
 29   362    1080      2
 29   363    1440      2
 29   364    1800      2
 29   365    2160      2
 29   366    2520      2
 29   367    2880      2
 29   368    3240      2
 29   369    3600      2
 29   370    3960      2
 29   371    4320      2
 29   372    4680      2
 29   373    5040      2
 29   374    5400      2
 29   375    5760      2
 29   376    6120      2
 29   377    6480      2
 29   378    6840      2
 29   379    7200      2
 29   380    7560      2
 29   381    7920      2
 29   382    8280      2
 29   383    8640      2
 29   384    9000      2
 29   385    9360      2
 29   386    9720      2
 29   387   10080      2
 29   388   10440      2
 29   389   10800      2
 29   390   11160      2
