  2   362    1080     1
  2   363    1440     1
  2   364    1800     1
  2   365    2160     1
  2   366    2520     1
  2   367    2880     1
  2   368    3240     1
  2   369    3600     1
  2   370    3960     1
  2   371    4320     1
  2   372    4680     1
  2   373    5040     1
  2   374    5400     1
  2   375    5760     1
  2   376    6120     1
  2   377    6480     1
  2   378    6840     1
  2   379    7200     1
  2   380    7560     1
  2   381    7920     1
  2   382    8280     1
  2   383    8640     1
  2   384    9000     1
  2   385    9360     1
  2   386    9720     1
  2   387   10080     1
  2   388   10440     1
  2   389   10800     1
  2   390   11160     1
  3   362    1080     1
  3   363    1440     1
  3   364    1800     1
  3   365    2160     1
  3   366    2520     1
  3   367    2880     1
  3   368    3240     1
  3   369    3600     1
  3   370    3960     1
  3   371    4320     1
  3   372    4680     1
  3   373    5040     1
  3   374    5400     1
  3   375    5760     1
  3   376    6120     1
  3   377    6480     1
  3   378    6840     1
  3   379    7200     1
  3   380    7560     1
  3   381    7920     1
  3   382    8280     1
  3   383    8640     1
  3   384    9000     1
  3   385    9360     1
  3   386    9720     1
  3   387   10080     1
  3   388   10440     1
  3   389   10800     1
  3   390   11160     1
  4   362    1080     1
  4   363    1440     1
  4   364    1800     1
  4   365    2160     1
  4   366    2520     1
  4   367    2880     1
  4   368    3240     1
  4   369    3600     1
  4   370    3960     1
  4   371    4320     1
  4   372    4680     1
  4   373    5040     1
  4   374    5400     1
  4   375    5760     1
  4   376    6120     1
  4   377    6480     1
  4   378    6840     1
  4   379    7200     1
  4   380    7560     1
  4   381    7920     1
  4   382    8280     1
  4   383    8640     1
  4   384    9000     1
  4   385    9360     1
  4   386    9720     1
  4   387   10080     1
  4   388   10440     1
  4   389   10800     1
  4   390   11160     1
  5   362    1080     1
  5   363    1440     1
  5   364    1800     1
  5   365    2160     1
  5   366    2520     1
  5   367    2880     1
  5   368    3240     1
  5   369    3600     1
  5   370    3960     1
  5   371    4320     1
  5   372    4680     1
  5   373    5040     1
  5   374    5400     1
  5   375    5760     1
  5   376    6120     1
  5   377    6480     1
  5   378    6840     1
  5   379    7200     1
  5   380    7560     1
  5   381    7920     1
  5   382    8280     1
  5   383    8640     1
  5   384    9000     1
  5   385    9360     1
  5   386    9720     1
  5   387   10080     1
  5   388   10440     1
  5   389   10800     1
  5   390   11160     1
  6   362    1080     1
  6   363    1440     1
  6   364    1800     1
  6   365    2160     1
  6   366    2520     1
  6   367    2880     1
  6   368    3240     1
  6   369    3600     1
  6   370    3960     1
  6   371    4320     1
  6   372    4680     1
  6   373    5040     1
  6   374    5400     1
  6   375    5760     1
  6   376    6120     1
  6   377    6480     1
  6   378    6840     1
  6   379    7200     1
  6   380    7560     1
  6   381    7920     1
  6   382    8280     1
  6   383    8640     1
  6   384    9000     1
  6   385    9360     1
  6   386    9720     1
  6   387   10080     1
  6   388   10440     1
  6   389   10800     1
  6   390   11160     1
  8   362    1080     1
  8   363    1440     1
  8   364    1800     1
  8   365    2160     1
  8   366    2520     1
  8   367    2880     1
  8   368    3240     1
  8   369    3600     1
  8   370    3960     1
  8   371    4320     1
  8   372    4680     1
  8   373    5040     1
  8   374    5400     1
  8   375    5760     1
  8   376    6120     1
  8   377    6480     1
  8   378    6840     1
  8   379    7200     1
  8   380    7560     1
  8   381    7920     1
  8   382    8280     1
  8   383    8640     1
  8   384    9000     1
  8   385    9360     1
  8   386    9720     1
  8   387   10080     1
  8   388   10440     1
  8   389   10800     1
  8   390   11160     1
  9   362    1080     1
  9   363    1440     1
  9   364    1800     1
  9   365    2160     1
  9   366    2520     1
  9   367    2880     1
  9   368    3240     1
  9   369    3600     1
  9   370    3960     1
  9   371    4320     1
  9   372    4680     1
  9   373    5040     1
  9   374    5400     1
  9   375    5760     1
  9   376    6120     1
  9   377    6480     1
  9   378    6840     1
  9   379    7200     1
  9   380    7560     1
  9   381    7920     1
  9   382    8280     1
  9   383    8640     1
  9   384    9000     1
  9   385    9360     1
  9   386    9720     1
  9   387   10080     1
  9   388   10440     1
  9   389   10800     1
  9   390   11160     1
 10   362    1080     1
 10   363    1440     1
 10   364    1800     1
 10   365    2160     1
 10   366    2520     1
 10   367    2880     1
 10   368    3240     1
 10   369    3600     1
 10   370    3960     1
 10   371    4320     1
 10   372    4680     1
 10   373    5040     1
 10   374    5400     1
 10   375    5760     1
 10   376    6120     1
 10   377    6480     1
 10   378    6840     1
 10   379    7200     1
 10   380    7560     1
 10   381    7920     1
 10   382    8280     1
 10   383    8640     1
 10   384    9000     1
 10   385    9360     1
 10   386    9720     1
 10   387   10080     1
 10   388   10440     1
 10   389   10800     1
 10   390   11160     1
 12   362    1080     1
 12   363    1440     1
 12   364    1800     1
 12   365    2160     1
 12   366    2520     1
 12   367    2880     1
 12   368    3240     1
 12   369    3600     1
 12   370    3960     1
 12   371    4320     1
 12   372    4680     1
 12   373    5040     1
 12   374    5400     1
 12   375    5760     1
 12   376    6120     1
 12   377    6480     1
 12   378    6840     1
 12   379    7200     1
 12   380    7560     1
 12   381    7920     1
 12   382    8280     1
 12   383    8640     1
 12   384    9000     1
 12   385    9360     1
 12   386    9720     1
 12   387   10080     1
 12   388   10440     1
 12   389   10800     1
 12   390   11160     1
 14   362    1080     1
 14   363    1440     1
 14   364    1800     1
 14   365    2160     1
 14   366    2520     1
 14   367    2880     1
 14   368    3240     1
 14   369    3600     1
 14   370    3960     1
 14   371    4320     1
 14   372    4680     1
 14   373    5040     1
 14   374    5400     1
 14   375    5760     1
 14   376    6120     1
 14   377    6480     1
 14   378    6840     1
 14   379    7200     1
 14   380    7560     1
 14   381    7920     1
 14   382    8280     1
 14   383    8640     1
 14   384    9000     1
 14   385    9360     1
 14   386    9720     1
 14   387   10080     1
 14   388   10440     1
 14   389   10800     1
 14   390   11160     1
 15   362    1080     1
 15   363    1440     1
 15   364    1800     1
 15   365    2160     1
 15   366    2520     1
 15   367    2880     1
 15   368    3240     1
 15   369    3600     1
 15   370    3960     1
 15   371    4320     1
 15   372    4680     1
 15   373    5040     1
 15   374    5400     1
 15   375    5760     1
 15   376    6120     1
 15   377    6480     1
 15   378    6840     1
 15   379    7200     1
 15   380    7560     1
 15   381    7920     1
 15   382    8280     1
 15   383    8640     1
 15   384    9000     1
 15   385    9360     1
 15   386    9720     1
 15   387   10080     1
 15   388   10440     1
 15   389   10800     1
 15   390   11160     1
 16   362    1080     1
 16   363    1440     1
 16   364    1800     1
 16   365    2160     1
 16   366    2520     1
 16   367    2880     1
 16   368    3240     1
 16   369    3600     1
 16   370    3960     1
 16   371    4320     1
 16   372    4680     1
 16   373    5040     1
 16   374    5400     1
 16   375    5760     1
 16   376    6120     1
 16   377    6480     1
 16   378    6840     1
 16   379    7200     1
 16   380    7560     1
 16   381    7920     1
 16   382    8280     1
 16   383    8640     1
 16   384    9000     1
 16   385    9360     1
 16   386    9720     1
 16   387   10080     1
 16   388   10440     1
 16   389   10800     1
 16   390   11160     1
 18   362    1080     1
 18   363    1440     1
 18   364    1800     1
 18   365    2160     1
 18   366    2520     1
 18   367    2880     1
 18   368    3240     1
 18   369    3600     1
 18   370    3960     1
 18   371    4320     1
 18   372    4680     1
 18   373    5040     1
 18   374    5400     1
 18   375    5760     1
 18   376    6120     1
 18   377    6480     1
 18   378    6840     1
 18   379    7200     1
 18   380    7560     1
 18   381    7920     1
 18   382    8280     1
 18   383    8640     1
 18   384    9000     1
 18   385    9360     1
 18   386    9720     1
 18   387   10080     1
 18   388   10440     1
 18   389   10800     1
 18   390   11160     1
 20   362    1080     1
 20   363    1440     1
 20   364    1800     1
 20   365    2160     1
 20   366    2520     1
 20   367    2880     1
 20   368    3240     1
 20   369    3600     1
 20   370    3960     1
 20   371    4320     1
 20   372    4680     1
 20   373    5040     1
 20   374    5400     1
 20   375    5760     1
 20   376    6120     1
 20   377    6480     1
 20   378    6840     1
 20   379    7200     1
 20   380    7560     1
 20   381    7920     1
 20   382    8280     1
 20   383    8640     1
 20   384    9000     1
 20   385    9360     1
 20   386    9720     1
 20   387   10080     1
 20   388   10440     1
 20   389   10800     1
 20   390   11160     1
 21   362    1080     1
 21   363    1440     1
 21   364    1800     1
 21   365    2160     1
 21   366    2520     1
 21   367    2880     1
 21   368    3240     1
 21   369    3600     1
 21   370    3960     1
 21   371    4320     1
 21   372    4680     1
 21   373    5040     1
 21   374    5400     1
 21   375    5760     1
 21   376    6120     1
 21   377    6480     1
 21   378    6840     1
 21   379    7200     1
 21   380    7560     1
 21   381    7920     1
 21   382    8280     1
 21   383    8640     1
 21   384    9000     1
 21   385    9360     1
 21   386    9720     1
 21   387   10080     1
 21   388   10440     1
 21   389   10800     1
 21   390   11160     1
 22   362    1080     1
 22   363    1440     1
 22   364    1800     1
 22   365    2160     1
 22   366    2520     1
 22   367    2880     1
 22   368    3240     1
 22   369    3600     1
 22   370    3960     1
 22   371    4320     1
 22   372    4680     1
 22   373    5040     1
 22   374    5400     1
 22   375    5760     1
 22   376    6120     1
 22   377    6480     1
 22   378    6840     1
 22   379    7200     1
 22   380    7560     1
 22   381    7920     1
 22   382    8280     1
 22   383    8640     1
 22   384    9000     1
 22   385    9360     1
 22   386    9720     1
 22   387   10080     1
 22   388   10440     1
 22   389   10800     1
 22   390   11160     1
 24   362    1080     1
 24   363    1440     1
 24   364    1800     1
 24   365    2160     1
 24   366    2520     1
 24   367    2880     1
 24   368    3240     1
 24   369    3600     1
 24   370    3960     1
 24   371    4320     1
 24   372    4680     1
 24   373    5040     1
 24   374    5400     1
 24   375    5760     1
 24   376    6120     1
 24   377    6480     1
 24   378    6840     1
 24   379    7200     1
 24   380    7560     1
 24   381    7920     1
 24   382    8280     1
 24   383    8640     1
 24   384    9000     1
 24   385    9360     1
 24   386    9720     1
 24   387   10080     1
 24   388   10440     1
 24   389   10800     1
 24   390   11160     1
 25   362    1080     1
 25   363    1440     1
 25   364    1800     1
 25   365    2160     1
 25   366    2520     1
 25   367    2880     1
 25   368    3240     1
 25   369    3600     1
 25   370    3960     1
 25   371    4320     1
 25   372    4680     1
 25   373    5040     1
 25   374    5400     1
 25   375    5760     1
 25   376    6120     1
 25   377    6480     1
 25   378    6840     1
 25   379    7200     1
 25   380    7560     1
 25   381    7920     1
 25   382    8280     1
 25   383    8640     1
 25   384    9000     1
 25   385    9360     1
 25   386    9720     1
 25   387   10080     1
 25   388   10440     1
 25   389   10800     1
 25   390   11160     1
 26   362    1080     1
 26   363    1440     1
 26   364    1800     1
 26   365    2160     1
 26   366    2520     1
 26   367    2880     1
 26   368    3240     1
 26   369    3600     1
 26   370    3960     1
 26   371    4320     1
 26   372    4680     1
 26   373    5040     1
 26   374    5400     1
 26   375    5760     1
 26   376    6120     1
 26   377    6480     1
 26   378    6840     1
 26   379    7200     1
 26   380    7560     1
 26   381    7920     1
 26   382    8280     1
 26   383    8640     1
 26   384    9000     1
 26   385    9360     1
 26   386    9720     1
 26   387   10080     1
 26   388   10440     1
 26   389   10800     1
 26   390   11160     1
 27   362    1080     1
 27   363    1440     1
 27   364    1800     1
 27   365    2160     1
 27   366    2520     1
 27   367    2880     1
 27   368    3240     1
 27   369    3600     1
 27   370    3960     1
 27   371    4320     1
 27   372    4680     1
 27   373    5040     1
 27   374    5400     1
 27   375    5760     1
 27   376    6120     1
 27   377    6480     1
 27   378    6840     1
 27   379    7200     1
 27   380    7560     1
 27   381    7920     1
 27   382    8280     1
 27   383    8640     1
 27   384    9000     1
 27   385    9360     1
 27   386    9720     1
 27   387   10080     1
 27   388   10440     1
 27   389   10800     1
 27   390   11160     1
 28   362    1080     1
 28   363    1440     1
 28   364    1800     1
 28   365    2160     1
 28   366    2520     1
 28   367    2880     1
 28   368    3240     1
 28   369    3600     1
 28   370    3960     1
 28   371    4320     1
 28   372    4680     1
 28   373    5040     1
 28   374    5400     1
 28   375    5760     1
 28   376    6120     1
 28   377    6480     1
 28   378    6840     1
 28   379    7200     1
 28   380    7560     1
 28   381    7920     1
 28   382    8280     1
 28   383    8640     1
 28   384    9000     1
 28   385    9360     1
 28   386    9720     1
 28   387   10080     1
 28   388   10440     1
 28   389   10800     1
 28   390   11160     1
 30   362    1080     1
 30   363    1440     1
 30   364    1800     1
 30   365    2160     1
 30   366    2520     1
 30   367    2880     1
 30   368    3240     1
 30   369    3600     1
 30   370    3960     1
 30   371    4320     1
 30   372    4680     1
 30   373    5040     1
 30   374    5400     1
 30   375    5760     1
 30   376    6120     1
 30   377    6480     1
 30   378    6840     1
 30   379    7200     1
 30   380    7560     1
 30   381    7920     1
 30   382    8280     1
 30   383    8640     1
 30   384    9000     1
 30   385    9360     1
 30   386    9720     1
 30   387   10080     1
 30   388   10440     1
 30   389   10800     1
 30   390   11160     1


