  1   367    2880      2
  1   373    5040      2
  1   379    7200      2
  1   383    8640      2
  1   389   10800      2
  7   367    2880      2
  7   373    5040      2
  7   379    7200      2
  7   383    8640      2
  7   389   10800      2
 11   367    2880      2
 11   373    5040      2
 11   379    7200      2
 11   383    8640      2
 11   389   10800      2
 13   367    2880      2
 13   373    5040      2
 13   379    7200      2
 13   383    8640      2
 13   389   10800      2
 17   367    2880      2
 17   373    5040      2
 17   379    7200      2
 17   383    8640      2
 17   389   10800      2
 19   367    2880      2
 19   373    5040      2
 19   379    7200      2
 19   383    8640      2
 19   389   10800      2
 23   367    2880      2
 23   373    5040      2
 23   379    7200      2
 23   383    8640      2
 23   389   10800      2
 29   367    2880      2
 29   373    5040      2
 29   379    7200      2
 29   383    8640      2
 29   389   10800      2
