#x      #y      #z      #c      #comment Prime
01      00      00      2       #     7
01      02      14      2       #     7
01      03      21      2       #     7
01      04      28      2       #     7
01      05      05      2       #     7
01      06      12      2       #     7
01      08      26      2       #     7
01      09      03      2       #     7
01      10      10      2       #     7
01      12      24      2       #     7
01      14      08      2       #     7
01      15      15      2       #     7
01      16      22      2       #     7
01      18      06      2       #     7
01      20      20      2       #     7
01      21      27      2       #     7
01      22      04      2       #     7
01      24      18      2       #     7
01      25      25      2       #     7
01      26      02      2       #     7
01      27      09      2       #     7
01      28      16      2       #     7
