#x      #y      #z      #c      #comment Prime
01      00      0       4       #    17
01      02      04      4       #    17
01      03      21      4       #    17
01      04      08      4       #    17
01      05      25      4       #    17
01      06      12      4       #    17
01      08      16      4       #    17
01      09      03      4       #    17
01      10      20      4       #    17
01      12      24      4       #    17
01      14      28      4       #    17
01      15      15      4       #    17
01      16      02      4       #    17
01      18      06      4       #    17
01      20      10      4       #    17
01      21      27      4       #    17
01      22      14      4       #    17
01      24      18      4       #    17
01      25      05      4       #    17
01      26      22      4       #    17
01      27      09      4       #    17
01      28      26      4       #    17
