   3
   9
  21
  27
  33
  39
  49
  51
  57
  63
  69
  77
  81
  87
  91
  93
  99
 111
 117
 119
 121
 123
 129
 133
 141
 143
 147
 153
 159
 161
 169
 171
 177
 183
 187
 189
 201
 203
 207
 209
 213
 217
 219
 221
 231
 237
 243
 247
 249
 253
 259
 261
 267
 273
 279
 287
 289
 291
 297
 299
 301
 303
 309
 319
 321
 323
 327
 329
 333
 339
 341
 343
 351
 357
 361
 363
 369
 371
 377
 381
 387
 391
 393
 399
 403
 407
 411
 413
 417
 423
 427
 429
 437
 441
 447
 451
 453
 459
 469
 471
 473
 477
 481
 483
 489
 493
 497
 501
 507
 511
 513
 517
 519
 527
 529
 531
 533
 537
 539
 543
 549
 551
 553
 559
 561
 567
 573
 579
 581
 583
 589
 591
 597
 603
 609
 611
 621
 623
 627
 629
 633
 637
 639
 649
 651
 657
 663
 667
 669
 671
 679
 681
 687
 689
 693
 697
 699
 703
 707
 711
 713
 717
 721
 723
 729
 731
 737
 741
 747
 749
 753
 759
 763
 767
 771
 777
 779
 781
 783
 789
 791
 793
 799
 801
 803
 807
 813
 817
 819
 831
 833
 837
 841
 843
 847
 849
 851
 861
 867
 869
 871
 873
 879
 889
 891
 893
 897
 899
 901
 903
 909
 913
 917
 921
 923
 927
 931
 933
 939
 943
 949
 951
 957
 959
 961
 963
 969
 973
 979
 981
 987
 989
 993
 999
1001
1003
1007
1011
1017
1023
1027
1029
1037
1041
1043
1047
1053
1057
1059
1067
1071
1073
1077
1079
1081
1083
1089
1099
1101
1107
1111
1113
1119
1121
1127
1131
1133
1137
1139
1141
1143
1147
1149
1157
1159
1161
1167
1169
1173
1177
1179
1183
1189
1191
1197
1199
1203
1207
1209
1211
1219
1221
1227
1233
1239
1241
1243
1247
1251
1253
1257
1261
1263
1267
1269
1271
1273
1281
1287
1293
1299
1309
1311
1313
1317
1323
1329
1331
1333
1337
1339
1341
1343
1347
1349
1351
1353
1357
1359
1363
1369
1371
1377
1379
1383
1387
1389
1391
1393
1397
1401
1403
1407
1411
1413
1417
1419
1421
1431
1437
1441
1443
1449
1457
1461
1463
1467
1469
1473
1477
1479
1491
1497
1501
1503
1507
1509
1513
1517
1519
1521
1527
1529
1533
1537
1539
1541
1547
1551
1557
1561
1563
1569
1573
1577
1581
1587
1589
1591
1593
1599
1603
1611
1617
1623
1629
1631
1633
1639
1641
1643
1647
1649
1651
1653
1659
1661
1671
1673
1677
1679
1681
1683
1687
1689
1691
1701
1703
1707
1711
1713
1717
1719
1727
1729
1731
1737
1739
1743
1749
1751
1757
1761
1763
1767
1769
1771
1773
1779
1781
1791
1793
1797
1799
1803
1807
1809
1813
1817
1819
1821
1827
1829
1833
1837
1839
1841
1843
1849
1851
1853
1857
1859
1863
1869
1881
1883
1887
1891
1893
1897
1899
1903
1909
1911
1917
1919
1921
1923
1927
1929
1937
1939
1941
1943
1947
1953
1957
1959
1961
1963
1967
1969
1971
1977
1981
1983
1989
1991
2001
2007
2009
2013
2019
2021
2023
2031
2033
2037
2041
2043
2047
2049
2051
2057
2059
2061
2067
2071
2073
2077
2079
2091
2093
2097
2101
2103
2107
2109
2117
2119
2121
2123
2127
2133
2139
2147
2149
2151
2157
2159
2163
2167
2169
2171
2173
2177
2181
2183
2187
2189
2191
2193
2197
2199
2201
2209
2211
2217
2219
2223
2227
2229
2231
2233
2241
2247
2249
2253
2257
2259
2261
2263
2271
2277
2279
2283
2289
2291
2299
2301
2303
2307
2313
2317
2319
2321
2323
2327
2329
2331
2337
2343
2349
2353
2359
2361
2363
2367
2369
2373
2379
2387
2391
2397
2401
2403
2407
2409
2413
2419
2421
2427
2429
2431
2433
2439
2443
2449
2451
2453
2457
2461
2463
2469
2471
2479
2481
2483
2487
2489
2491
2493
2497
2499
2501
2507
2509
2511
2513
2517
2519
2523
2527
2529
2533
2537
2541
2547
2553
2559
2561
2563
2567
2569
2571
2573
2577
2581
2583
2587
2589
2597
2599
2601
2603
2607
2611
2613
2619
2623
2627
2629
2631
2637
2639
2641
2643
2649
2651
2653
2661
2667
2669
2673
2679
2681
2691
2697
2701
2703
2709
2717
2721
2723
2727
2733
2737
2739
2743
2747
2751
2757
2759
2761
2763
2769
2771
2773
2779
2781
2783
2787
2793
2799
2807
2809
2811
2813
2817
2821
2823
2827
2829
2831
2839
2841
2847
2849
2853
2859
2863
2867
2869
2871
2873
2877
2881
2883
2889
2891
2893
2899
2901
2907
2911
2913
2919
2921
2923
2929
2931
2933
2937
2941
2943
2947
2949
2951
2959
2961
2967
2973
2977
2979
2981
2983
2987
2989
2991
2993
2997
3003
3007
3009
3013
3017
3021
3027
3029
3031
3033
3039
3043
3047
3051
3053
3057
3059
3063
3069
3071
3073
3077
3081
3087
3091
3093
3097
3099
3101
3103
3107
3111
3113
3117
3123
3127
3129
3131
3133
3139
3141
3143
3147
3149
3151
3153
3157
3159
3161
3171
3173
3177
3179
3183
3189
3193
3197
3199
3201
3207
3211
3213
3219
3223
3227
3231
3233
3237
3239
3241
3243
3247
3249
3261
3263
3267
3269
3273
3277
3279
3281
3283
3287
3289
3291
3293
3297
3303
3309
3311
3317
3321
3327
3333
3337
3339
3341
3349
3351
3353
3357
3363
3367
3369
3377
3379
3381
3383
3387
3393
3397
3399
3401
3403
3409
3411
3417
3419
3421
3423
3427
3429
3431
3437
3439
3441
3443
3447
3451
3453
3459
3471
3473
3477
3479
3481
3483
3487
3489
3493
3497
3501
3503
3507
3509
3513
3519
3521
3523
3531
3537
3543
3549
3551
3553
3561
3563
3567
3569
3573
3577
3579
3587
3589
3591
3597
3599
3601
3603
3609
3611
3619
3621
3627
3629
3633
3639
3641
3647
3649
3651
3653
3657
3661
3663
3667
3669
3679
3681
3683
3687
3689
3693
3699
3703
3707
3711
3713
3717
3721
3723
3729
3731
3737
3741
3743
3747
3749
3751
3753
3757
3759
3763
3771
3773
3777
3781
3783
3787
3789
3791
3799
3801
3807
3809
3811
3813
3817
3819
3827
3829
3831
3837
3839
3841
3843
3849
3857
3859
3861
3867
3869
3871
3873
3879
3883
3887
3891
3893
3897
3899
3901
3903
3909
3913
3921
3927
3933
3937
3939
3941
3949
3951
3953
3957
3959
3961
3963
3969
3971
3973
3977
3979
3981
3983
3987
3991
3993
3997
3999
4009
4011
4017
4023
4029
4031
4033
4037
4039
4041
4043
4047
4053
4059
4061
4063
4067
4069
4071
4077
4081
4083
4087
4089
4097
4101
4103
4107
4109
4113
4117
4119
4121
4123
4131
4137
4141
4143
4147
4149
4151
4161
4163
4167
4169
4171
4173
4179
4181
4183
4187
4189
4191
4193
4197
4199
4203
4207
4209
4213
4221
4223
4227
4233
4237
4239
4247
4249
4251
4257
4263
4267
4269
4277
4279
4281
4287
4291
4293
4299
4301
4303
4307
4309
4311
4313
4317
4319
4321
4323
4329
4331
4333
4341
4343
4347
4351
4353
4359
4361
4367
4369
4371
4377
4379
4381
4383
4387
4389
4393
4399
4401
4403
4407
4411
4413
4417
4419
4427
4429
4431
4433
4437
4439
4443
4449
4453
4459
4461
4467
4469
4471
4473
4477
4479
4487
4489
4491
4497
4499
4501
4503
4509
4511
4521
4527
4529
4531
4533
4537
4539
4541
4543
4551
4553
4557
4559
4563
4569
4571
4573
4577
4579
4581
4587
4589
4593
4599
4601
4607
4609
4611
4613
4617
4619
4623
4627
4629
4631
4633
4641
4647
4653
4659
4661
4667
4669
4671
4677
4681
4683
4687
4689
4693
4697
4699
4701
4707
4709
4711
4713
4717
4719
4727
4731
4737
4739
4741
4743
4747
4749
4753
4757
4761
4763
4767
4769
4771
4773
4777
4779
4781
4791
4797
4803
4807
4809
4811
4819
4821
4823
4827
4829
4833
4837
4839
4841
4843
4847
4849
4851
4853
4857
4859
4863
4867
4869
4873
4879
4881
4883
4887
4891
4893
4897
4899
4901
4907
4911
4913
4917
4921
4923
4927
4929
4939
4941
4947
4949
4953
4959
4961
4963
4971
4977
4979
4981
4983
4989
4991
4997
5001
5007
5013
5017
5019
5027
5029
5031
5033
5037
5041
5043
5047
5049
5053
5057
5061
5063
5067
5069
5071
5073
5079
5083
5089
5091
5093
5097
5103
5109
5111
5117
5121
5123
5127
5129
5131
5133
5137
5139
5141
5143
5149
5151
5157
5159
5161
5163
5169
5173
5177
5181
5183
5187
5191
5193
5199
5201
5203
5207
5211
5213
5217
5219
5221
5223
5229
5239
5241
5243
5247
5249
5251
5253
5257
5259
5263
5267
5269
5271
5277
5283
5287
5289
5291
5293
5299
5301
5307
5311
5313
5317
5319
5321
5327
5329
5331
5337
5339
5341
5343
5349
5353
5357
5359
5361
5363
5367
5369
5371
5373
5377
5379
5383
5389
5391
5397
5401
5403
5409
5411
5421
5423
5427
5429
5433
5439
5447
5451
5453
5457
5459
5461
5463
5467
5469
5473
5481
5487
5489
5491
5493
5497
5499
5509
5511
5513
5517
5523
5529
5533
5537
5539
5541
5543
5547
5549
5551
5553
5559
5561
5567
5571
5577
5579
5583
5587
5589
5593
5597
5599
5601
5603
5607
5609
5611
5613
5617
5619
5621
5627
5629
5631
5633
5637
5643
5649
5661
5663
5667
5671
5673
5677
5679
5681
5687
5691
5697
5699
5703
5707
5709
5713
5719
5721
5723
5727
5729
5731
5733
5739
5747
5751
5753
5757
5759
5761
5763
5767
5769
5771
5773
5777
5781
5787
5789
5793
5797
5799
5803
5809
5811
5817
5819
5823
5829
5831
5833
5837
5841
5847
5853
5859
5863
5871
5873
5877
5883
5887
5889
5891
5893
5899
5901
5907
5909
5911
5913
5917
5919
5921
5929
5931
5933
5937
5941
5943
5947
5949
5951
5957
5959
5961
5963
5967
5969
5971
5973
5977
5979
5983
5989
5991
5993
5997
5999
6001
6003
6009
6013
6017
6019
6021
6023
6027
6031
6033
6039
6041
6049
6051
6057
6059
6061
6063
6069
6071
6077
6081
6083
6087
6093
6097
6099
6103
6107
6109
6111
6117
6119
6123
6127
6129
6137
6139
6141
6147
6149
6153
6157
6159
6161
6167
6169
6171
6177
6179
6181
6183
6187
6189
6191
6193
6201
6207
6209
6213
6219
6223
6227
6231
6233
6237
6239
6241
6243
6249
6251
6253
6259
6261
6267
6273
6279
6281
6283
6289
6291
6293
6297
6303
6307
6309
6313
6319
6321
6327
6331
6333
6339
6341
6347
6349
6351
6357
6363
6369
6371
6377
6381
6383
6387
6391
6393
6399
6401
6403
6407
6409
6411
6413
6417
6419
6423
6429
6431
6433
6437
6439
6441
6443
6447
6453
6457
6459
6461
6463
6467
6471
6477
6479
6483
6487
6489
6493
6497
6499
6501
6503
6507
6509
6511
6513
6517
6519
6523
6527
6531
6533
6537
6539
6541
6543
6549
6557
6559
6561
6567
6573
6579
6583
6587
6589
6591
6593
6597
6601
6603
6609
6611
6613
6617
6621
6623
6627
6629
6631
6633
6639
6641
6643
6647
6649
6651
6657
6663
6667
6669
6671
6677
6681
6683
6687
6693
6697
6699
6707
6711
6713
6717
6721
6723
6727
6729
6731
6739
6741
6743
6747
6749
6751
6753
6757
6759
6767
6769
6771
6773
6777
6783
6787
6789
6797
6799
6801
6807
6809
6811
6813
6817
6819
6821
6831
6837
6839
6843
6847
6849
6851
6853
6859
6861
6867
6873
6877
6879
6881
6887
6889
6891
6893
6897
6901
6903
6909
6913
6919
6921
6923
6927
6929
6931
6933
6937
6939
6941
6943
6951
6953
6957
6963
6969
6973
6979
6981
6987
6989
6993
6999
7003
7007
7009
7011
7017
7021
7023
7029
7031
7033
7037
7041
7047
7049
7051
7053
7059
7061
7063
7067
7071
7073
7077
7081
7083
7087
7089
7091
7093
7097
7099
7101
7107
7111
7113
7117
7119
7123
7131
7133
7137
7139
7141
7143
7147
7149
7153
7157
7161
7163
7167
7169
7171
7173
7179
7181
7183
7189
7191
7197
7199
7201
7203
7209
7217
7221
7223
7227
7231
7233
7239
7241
7249
7251
7257
7259
7261
7263
7267
7269
7271
7273
7277
7279
7281
7287
7289
7291
7293
7299
7301
7303
7311
7313
7317
7319
7323
7327
7329
7337
7339
7341
7343
7347
7353
7357
7359
7361
7363
7367
7371
7373
7377
7379
7381
7383
7387
7389
7391
7397
7399
7401
7403
7407
7409
7413
7419
7421
7423
7427
7429
7431
7437
7439
7441
7443
7447
7449
7453
7461
7463
7467
7469
7471
7473
7479
7483
7491
7493
7497
7501
7503
7509
7511
7513
7519
7521
7527
7531
7533
7539
7543
7551
7553
7557
7563
7567
7569
7571
7579
7581
7587
7593
7597
7599
7601
7609
7611
7613
7617
7619
7623
7627
7629
7631
7633
7637
7641
7647
7651
7653
7657
7659
7661
7663
7667
7671
7677
7679
7683
7689
7693
7697
7701
7707
7709
7711
7713
7719
7721
7729
7731
7733
7737
7739
7743
7747
7749
7751
7761
7763
7767
7769
7771
7773
7777
7779
7781
7783
7787
7791
7797
7799
7801
7803
7807
7809
7811
7813
7819
7821
7827
7831
7833
7837
7839
7843
7847
7849
7851
7857
7859
7861
7863
7869
7871
7881
7887
7889
7891
7893
7897
7899
7903
7909
7911
7913
7917
