0001
0011
0031
0041
0061
0071
0101
0131
0151
0181
0191
0211
0241
0251
0271
0281
0311
0331
0401
0421
0431
0461
0491
0521
0541
0571
0601
0631
0641
0661
0691
0701
0751
0761
0811
0821
0881
0911
0941
0971
0991
1021
1031
1051
1061
1091
1151
1171
1181
1201
1231
1291
1301
1321
1361
1381
1451
1471
1481
1511
1531
1571
1601
1621
1721
1741
1801
1811
1831
1861
1871
1901
1931
1951
2011
2081
2111
2131
2141
2161
2221
2251
2281
2311
2341
2351
2371
2381
2411
2441
2521
2531
2551
2591
2621
2671
2711
2731
2741
2791
2801
2851
2861
2971
3001
3011
3041
3061
3121
3181
3191
3221
3251
3271
3301
3331
3361
3371
3391
3461
3491
3511
3541
3571
3581
3631
3671
3691
3701
3761
3821
3851
3881
3911
3931
4001
4021
4051
4091
4111
4201
4211
4231
4241
4261
4271
4391
4421
4441
4451
4481
4561
4591
4621
4651
4691
4721
4751
4801
4831
4861
4871
4931
4951
5011
5021
5051
5081
5101
5171
5231
5261
5281
5351
5381
5431
5441
5471
5501
5521
5531
5581
5591
5641
5651
5701
5711
5741
5791
5801
5821
5851
5861
5881
5981
6011
6091
6101
6121
6131
6151
6211
6221
6271
6301
6311
6361
6421
6451
6481
6491
6521
6551
6571
6581
6661
6691
6701
6761
6781
6791
6841
6871
6911
6961
6971
6991
7001
7121
7151
7211
7321
7331
7351
7411
7451
7481
7541
7561
7591
7621
7681
7691
7741
7841
7901
0002
0003
0013
0023
0043
0053
0073
0083
0103
0113
0163
0173
0193
0223
0233
0263
0283
0293
0313
0353
0373
0383
0433
0443
0463
0503
0523
0563
0593
0613
0643
0653
0673
0683
0733
0743
0773
0823
0853
0863
0883
0953
0983
1013
1033
1063
1093
1103
1123
1153
1163
1193
1213
1223
1283
1303
1373
1423
1433
1453
1483
1493
1523
1543
1553
1583
1613
1663
1693
1723
1733
1753
1783
1823
1873
1913
1933
1973
1993
2003
2053
2063
2083
2113
2143
2153
2203
2213
2243
2273
2293
2333
2383
2393
2423
2473
2503
2543
2593
2633
2663
2683
2693
2713
2753
2803
2833
2843
2903
2953
2963
3023
3083
3163
3203
3253
3313
3323
3343
3373
3413
3433
3463
3533
3583
3593
3613
3623
3643
3673
3733
3793
3803
3823
3833
3853
3863
3923
3943
4003
4013
4073
4093
4133
4153
4243
4253
4273
4283
4363
4373
4423
4463
4483
4493
4513
4523
4583
4603
4643
4663
4673
4703
4723
4733
4783
4793
4813
4903
4933
4943
4973
4993
5003
5023
5113
5153
5233
5273
5303
5323
5333
5393
5413
5443
5483
5503
5563
5573
5623
5653
5683
5693
5743
5783
5813
5843
5903
5923
5953
6043
6053
6073
6113
6133
6143
6163
6173
6203
6263
6323
6343
6353
6373
6473
6553
6563
6653
6673
6703
6733
6763
6793
6803
6823
6833
6863
6883
6983
7013
7043
7103
7193
7213
7243
7253
7283
7333
7393
7433
7523
7573
7583
7603
7643
7673
7703
7723
7753
7793
7823
7853
7873
7883
0005
0007
0017
0037
0047
0067
0097
0107
0127
0137
0157
0167
0197
0227
0257
0277
0307
0317
0337
0347
0367
0397
0457
0467
0487
0547
0557
0577
0587
0607
0617
0647
0677
0727
0757
0787
0797
0827
0857
0877
0887
0907
0937
0947
0967
0977
0997
1087
1097
1117
1187
1217
1237
1277
1297
1307
1327
1367
1427
1447
1487
1567
1597
1607
1627
1637
1657
1667
1697
1747
1777
1787
1847
1867
1877
1907
1987
1997
2017
2027
2087
2137
2207
2237
2267
2287
2297
2347
2357
2377
2417
2437
2447
2467
2477
2557
2617
2647
2657
2677
2687
2707
2767
2777
2797
2837
2857
2887
2897
2917
2927
2957
3037
3067
3137
3167
3187
3217
3257
3307
3347
3407
3457
3467
3517
3527
3547
3557
3607
3617
3637
3677
3697
3727
3767
3797
3847
3877
3907
3917
3947
3967
4007
4027
4057
4127
4157
4177
4217
4297
4327
4337
4357
4397
4447
4457
4507
4517
4547
4567
4597
4637
4657
4787
4817
4877
4937
4957
4967
4987
5077
5087
5107
5147
5167
5197
5227
5237
5297
5347
5387
5407
5417
5437
5477
5507
5527
5557
5647
5657
5717
5737
5807
5827
5857
5867
5897
5927
5987
6007
6037
6047
6067
6197
6217
6247
6257
6277
6287
6317
6337
6367
6397
6427
6547
6577
6607
6637
6737
6827
6857
6907
6917
6947
6967
6977
6997
7027
7057
7127
7177
7187
7207
7237
7247
7297
7307
7417
7457
7477
7487
7507
7517
7537
7547
7577
7607
7687
7717
7727
7757
7817
7867
7877
7907
0019
0029
0059
0079
0089
0109
0139
0149
0179
0199
0229
0239
0269
0349
0359
0379
0389
0409
0419
0439
0449
0479
0499
0509
0569
0599
0619
0659
0709
0719
0739
0769
0809
0829
0839
0859
0919
0929
1009
1019
1039
1049
1069
1109
1129
1229
1249
1259
1279
1289
1319
1399
1409
1429
1439
1459
1489
1499
1549
1559
1579
1609
1619
1669
1699
1709
1759
1789
1879
1889
1949
1979
1999
2029
2039
2069
2089
2099
2129
2179
2239
2269
2309
2339
2389
2399
2459
2539
2549
2579
2609
2659
2689
2699
2719
2729
2749
2789
2819
2879
2909
2939
2969
2999
3019
3049
3079
3089
3109
3119
3169
3209
3229
3259
3299
3319
3329
3359
3389
3449
3469
3499
3529
3539
3559
3659
3709
3719
3739
3769
3779
3889
3919
3929
3989
4019
4049
4079
4099
4129
4139
4159
4219
4229
4259
4289
4339
4349
4409
4519
4549
4639
4649
4679
4729
4759
4789
4799
4889
4909
4919
4969
4999
5009
5039
5059
5099
5119
5179
5189
5209
5279
5309
5399
5419
5449
5479
5519
5569
5639
5659
5669
5689
5749
5779
5839
5849
5869
5879
5939
6029
6079
6089
6199
6229
6269
6299
6329
6359
6379
6389
6449
6469
6529
6569
6599
6619
6659
6679
6689
6709
6719
6779
6829
6869
6899
6949
6959
7019
7039
7069
7079
7109
7129
7159
7219
7229
7309
7349
7369
7459
7489
7499
7529
7549
7559
7589
7639
7649
7669
7699
7759
7789
7829
7879
7919
prime
