#x      #y      #z      #c      #comment Prime
7       00      0       2
7       02      14      2
7       03      21      2
7       04      28      2
7       05      05      2
7       06      12      2
7       08      26      2
7       09      03      2
7       10      10      2
7       12      24      2
7       14      08      2
7       15      15      2
7       16      22      2
7       18      06      2
7       20      20      2
7       21      27      2
7       22      04      2
7       24      18      2
7       25      25      2
7       26      02      2
7       27      09      2
7       28      16      2
7       30      0       2


17      00      0       4       #
17      02      04      4       #
17      05      25      4       #
17      04      08      4       #
17      06      12      4       #
17      08      16      4       #
17      09      03      4       #
17      10      20      4       #
17      12      24      4       #
17      14      28      4       #
17      15      15      4       #
17      16      02      4       #
17      18      06      4       #
17      20      10      4       #
17      21      27      4       #
17      22      14      4       #
17      24      18      4       #
17      25      05      4       #
17      26      22      4       #
17      28      26      4       #
17      30      0       4       0


#x      #y      #z      #c      #comment Prime
7       01      07      2       #P
7       07      19      2       #P
7       11      17      2       #P
7       13      01      2       #P
7       17      29      2       #P
7       19      13      2       #P
7       23      11      2       #P
7       29      23      2       #P



#x      #y      #z      #c      #comment Prime
17      01      17      4       #P
17      03      21      4       #P
17      07      29      4       #P
17      11      07      4       #P
17      13      11      4       #P
17      17      19      4       #P
17      19      23      4       #P
17      23      01      4       #P
17      27      09      4       #P
17      29      13      4       #P
