#x      #y      #z      #c      #comment Prime
01      01      01      1
01      02      02      1
01      03      03      1
01      04      04      1
01      05      05      1
01      06      06      1
01      08      08      1
01      09      09      1
01      10      10      1
01      12      12      1
01      14      14      1
01      15      15      1
01      16      16      1
01      18      18      1
01      20      20      1
01      21      21      1
01      22      22      1
01      24      24      1
01      25      25      1
01      26      26      1
01      27      27      1
01      28      28      1
01      30      30      1
