#x      #y      #z      #c      #comment Prime
#x      #y      #z      #c      #comment Prime
00      00      00      0
00      02      00      0
00      03      00      0
00      04      00      0
00      05      00      0
00      06      00      0
00      08      00      0
00      09      00      0
00      10      00      0
00      12      00      0
00      14      00      0
00      15      00      0
00      16      00      0
00      18      00      0
00      20      00      0
00      21      00      0
00      22      00      0
00      24      00      0
00      25      00      0
00      26      00      0
00      27      00      0
00      28      00      0
00      30      30      0
02      00      00      2
02      02      04      2
02      03      06      2
02      04      08      2
02      05      10      2
02      06      12      2
02      08      16      2
02      09      18      2
02      10      20      2
02      12      24      2
02      14      28      2
02      15      00      2
02      16      02      2
02      18      06      2
02      20      10      2
02      21      12      2
02      22      14      2
02      24      18      2
02      25      20      2
02      26      22      2
02      27      24      2
02      28      26      2
02      30      30      2
03      00      00      3
03      02      06      3
03      03      09      3
03      04      12      3
03      05      15      3
03      06      18      3
03      08      24      3
03      09      27      3
03      10      00      3
03      12      06      3
03      14      12      3
03      15      15      3
03      16      18      3
03      18      24      3
03      20      00      3
03      21      03      3
03      22      06      3
03      24      12      3
03      25      15      3
03      26      18      3
03      27      21      3
03      28      24      3
03      30      30      3
04      00      00      4
04      02      08      4
04      03      12      4
04      04      16      4
04      05      20      4
04      06      24      4
04      08      02      4
04      09      06      4
04      10      10      4
04      12      18      4
04      14      26      4
04      15      00      4
04      16      04      4
04      18      12      4
04      20      20      4
04      21      24      4
04      22      28      4
04      24      06      4
04      25      10      4
04      26      14      4
04      27      18      4
04      28      22      4
04      30      30      4
05      00      00      5
05      02      10      5
05      03      15      5
05      04      20      5
05      05      25      5
05      06      00      5
05      08      10      5
05      09      15      5
05      10      20      5
05      12      00      5
05      14      10      5
05      15      15      5
05      16      20      5
05      18      00      5
05      20      10      5
05      21      15      5
05      22      20      5
05      24      00      5
05      25      05      5
05      26      10      5
05      27      15      5
05      28      20      5
05      30      30      5
06      00      00      6
06      02      12      6
06      03      18      6
06      04      24      6
06      05      00      6
06      06      06      6
06      08      18      6
06      09      24      6
06      10      00      6
06      12      12      6
06      14      24      6
06      15      00      6
06      16      06      6
06      18      18      6
06      20      00      6
06      21      06      6
06      22      12      6
06      24      24      6
06      25      00      6
06      26      06      6
06      27      12      6
06      28      18      6
06      30      30      6
08      00      00      8
08      02      16      8
08      03      24      8
08      04      02      8
08      05      10      8
08      06      18      8
08      08      04      8
08      09      12      8
08      10      20      8
08      12      06      8
08      14      22      8
08      15      00      8
08      16      08      8
08      18      24      8
08      20      10      8
08      21      18      8
08      22      26      8
08      24      12      8
08      25      20      8
08      26      28      8
08      27      06      8
08      28      14      8
08      30      30      8
09      00      00      9
09      02      18      9
09      03      27      9
09      04      06      9
09      05      15      9
09      06      24      9
09      08      12      9
09      09      21      9
09      10      00      9
09      12      18      9
09      14      06      9
09      15      15      9
09      16      24      9
09      18      12      9
09      20      00      9
09      21      09      9
09      22      18      9
09      24      06      9
09      25      15      9
09      26      24      9
09      27      03      9
09      28      12      9
09      30      30      9
10      00      00      10
10      02      20      10
10      03      00      10
10      04      10      10
10      05      20      10
10      06      00      10
10      08      20      10
10      09      00      10
10      10      10      10
10      12      00      10
10      14      20      10
10      15      00      10
10      16      10      10
10      18      00      10
10      20      20      10
10      21      00      10
10      22      10      10
10      24      00      10
10      25      10      10
10      26      20      10
10      27      00      10
10      28      10      10
10      30      30      10
12      00      00      12
12      02      24      12
12      03      06      12
12      04      18      12
12      05      00      12
12      06      12      12
12      08      06      12
12      09      18      12
12      10      00      12
12      12      24      12
12      14      18      12
12      15      00      12
12      16      12      12
12      18      06      12
12      20      00      12
12      21      12      12
12      22      24      12
12      24      18      12
12      25      00      12
12      26      12      12
12      27      24      12
12      28      06      12
12      30      30      12
14      00      00      14
14      02      28      14
14      03      12      14
14      04      26      14
14      05      10      14
14      06      24      14
14      08      22      14
14      09      06      14
14      10      20      14
14      12      18      14
14      14      16      14
14      15      00      14
14      16      14      14
14      18      12      14
14      20      10      14
14      21      24      14
14      22      08      14
14      24      06      14
14      25      20      14
14      26      04      14
14      27      18      14
14      28      02      14
14      30      30      14
15      00      00      15
15      02      00      15
15      03      15      15
15      04      00      15
15      05      15      15
15      06      00      15
15      08      00      15
15      09      15      15
15      10      00      15
15      12      00      15
15      14      00      15
15      15      15      15
15      16      00      15
15      18      00      15
15      20      00      15
15      21      15      15
15      22      00      15
15      24      00      15
15      25      15      15
15      26      00      15
15      27      15      15
15      28      00      15
15      30      30      15
16      00      00      16
16      02      02      16
16      03      18      16
16      04      04      16
16      05      20      16
16      06      06      16
16      08      08      16
16      09      24      16
16      10      10      16
16      12      12      16
16      14      14      16
16      15      00      16
16      16      16      16
16      18      18      16
16      20      20      16
16      21      06      16
16      22      22      16
16      24      24      16
16      25      10      16
16      26      26      16
16      27      12      16
16      28      28      16
16      30      30      16
18      00      00      18
18      02      06      18
18      03      24      18
18      04      12      18
18      05      00      18
18      06      18      18
18      08      24      18
18      09      12      18
18      10      00      18
18      12      06      18
18      14      12      18
18      15      00      18
18      16      18      18
18      18      24      18
18      20      00      18
18      21      18      18
18      22      06      18
18      24      12      18
18      25      00      18
18      26      18      18
18      27      06      18
18      28      24      18
18      30      30      18
20      00      00      20
20      02      10      20
20      03      00      20
20      04      20      20
20      05      10      20
20      06      00      20
20      08      10      20
20      09      00      20
20      10      20      20
20      12      00      20
20      14      10      20
20      15      00      20
20      16      20      20
20      18      00      20
20      20      10      20
20      21      00      20
20      22      20      20
20      24      00      20
20      25      20      20
20      26      10      20
20      27      00      20
20      28      20      20
20      30      30      20
21      00      00      21
21      02      12      21
21      03      03      21
21      04      24      21
21      05      15      21
21      06      06      21
21      08      18      21
21      09      09      21
21      10      00      21
21      12      12      21
21      14      24      21
21      15      15      21
21      16      06      21
21      18      18      21
21      20      00      21
21      21      21      21
21      22      12      21
21      24      24      21
21      25      15      21
21      26      06      21
21      27      27      21
21      28      18      21
21      30      30      21
22      00      00      22
22      02      14      22
22      03      06      22
22      04      28      22
22      05      20      22
22      06      12      22
22      08      26      22
22      09      18      22
22      10      10      22
22      12      24      22
22      14      08      22
22      15      00      22
22      16      22      22
22      18      06      22
22      20      20      22
22      21      12      22
22      22      04      22
22      24      18      22
22      25      10      22
22      26      02      22
22      27      24      22
22      28      16      22
22      30      30      22
24      00      00      24
24      02      18      24
24      03      12      24
24      04      06      24
24      05      00      24
24      06      24      24
24      08      12      24
24      09      06      24
24      10      00      24
24      12      18      24
24      14      06      24
24      15      00      24
24      16      24      24
24      18      12      24
24      20      00      24
24      21      24      24
24      22      18      24
24      24      06      24
24      25      00      24
24      26      24      24
24      27      18      24
24      28      12      24
24      30      30      24
25      00      00      25
25      02      20      25
25      03      15      25
25      04      10      25
25      05      05      25
25      06      00      25
25      08      20      25
25      09      15      25
25      10      10      25
25      12      00      25
25      14      20      25
25      15      15      25
25      16      10      25
25      18      00      25
25      20      20      25
25      21      15      25
25      22      10      25
25      24      00      25
25      25      25      25
25      26      20      25
25      27      15      25
25      28      10      25
25      30      30      25
26      00      00      26
26      02      22      26
26      03      18      26
26      04      14      26
26      05      10      26
26      06      06      26
26      08      28      26
26      09      24      26
26      10      20      26
26      12      12      26
26      14      04      26
26      15      00      26
26      16      26      26
26      18      18      26
26      20      10      26
26      21      06      26
26      22      02      26
26      24      24      26
26      25      20      26
26      26      16      26
26      27      12      26
26      28      08      26
26      30      30      26
27      00      00      27
27      02      24      27
27      03      21      27
27      04      18      27
27      05      15      27
27      06      12      27
27      08      06      27
27      09      03      27
27      10      00      27
27      12      24      27
27      14      18      27
27      15      15      27
27      16      12      27
27      18      06      27
27      20      00      27
27      21      27      27
27      22      24      27
27      24      18      27
27      25      15      27
27      26      12      27
27      27      09      27
27      28      06      27
27      30      30      27
28      00      00      28
28      02      26      28
28      03      24      28
28      04      22      28
28      05      20      28
28      06      18      28
28      08      14      28
28      09      12      28
28      10      10      28
28      12      06      28
28      14      02      28
28      15      00      28
28      16      28      28
28      18      24      28
28      20      20      28
28      21      18      28
28      22      16      28
28      24      12      28
28      25      10      28
28      26      08      28
28      27      06      28
28      28      04      28
28      30      30      28
30      00      00      30
30      02      00      30
30      03      00      30
30      04      00      30
30      05      00      30
30      06      00      30
30      08      00      30
30      09      00      30
30      10      00      30
30      12      00      30
30      14      00      30
30      15      00      30
30      16      00      30
30      18      00      30
30      20      00      30
30      21      00      30
30      22      00      30
30      24      00      30
30      25      00      30
30      26      00      30
30      27      00      30
30      28      00      30
30      30      30      30
