#x      #y      #z      #c      #comment Prime
1       00      00      1
1       02      02      1
1       03      03      1
1       04      04      1
1       05      05      1
1       06      06      1
1       08      08      1
1       09      09      1
1       10      10      1
1       12      12      1
1       14      14      1
1       15      15      1
1       16      16      1
1       18      18      1
1       20      20      1
1       21      21      1
1       22      22      1
1       24      24      1
1       25      25      1
1       26      26      1
1       27      27      1
1       28      28      1
1       30      30      1
#x      #y      #z      #c      #comment Prime
29      00      30      1
29      02      28      1
29      03      27      1
29      04      26      1
29      05      25      1
29      06      24      1
29      08      22      1
29      09      21      1
29      10      20      1
29      12      18      1
29      14      16      1
29      15      15      1
29      16      14      1
29      18      12      1
29      20      10      1
29      21      09      1
29      22      08      1
29      24      06      1
29      25      05      1
29      26      04      1
29      27      03      1
29      28      02      1
29      30      00      1
