19      0

79      2
109     3
139     4

199     6
229     7



349     11
379     12
409     13
439     14

499     16



619     20


709     23
739     24
769     25

829     27
859     28

919     30


1009    33
1039    34
1069    35

1129    37



1249    41
1279    42



1399    46
1429    47
1459    48
1489    49

1549    51
1579    52
1609    53
        53
1669    55
1699    56
        57
1759    58
1789    59
        60
        61
1879    62
        63
        64
        65
1999    66
2029    67


