13   13
43   13
73   13
103  13
133  13 4       7 x 19
163  13
193  13
223  13
253  13 8       11 x 23
283  13
313  13
343  13 11      7 x 49
373  13
403  13 13      13 x 31
433  13
463  13
493  13 16      17 x 29
523  13
553  13 18      7 x 79
583  13 19      11 x 53
613  13
643  13
673  13
703  13 23      19 x 37
733  13
763  13 25      7 x 109
793  13 26      13 x 61
823  13
853  13
883  13
913  13 30      11 x 83
943  13 31      23 x 41
973  13 32      7 x 139
1003 13 33      17 x 59
1033 13
1063 13
1093 13
1123 13
1153 13
1183 13 39      7 x 169
1213 13
1243 13 41      11 x 113
1273 13 42      19 x 67
1303 13
1333 13 44      31 x 43
1363 13 45      29 x 47
1393 13 46      7 x 199
1423 13
1453 13
1483 13
1513 13 50      17 x 89
1543 13
1573 13 52      11 x 143
1603 13 53      7 x 229
1633 13 54      23 × 71
1663 13
1693 13
1723 13
1753 13
1783 13
1813 13 59      7 x 259

23   23
53   23
83   23
113  23
143  23 4       11 × 13 
173  23
203  23 6       7 × 29
233  23
263  23
293  23
323  23 10      17 × 19
353  23
383  23
413  23 13      7 × 59 
443  23
473  23 15      11 × 43
503  23
533  23 17      13 × 41
563  23
593  23
623  23 20      7 × 89
653  23
683  23
713  23 23      23 × 31
743  23
773  23
803  23 26      11 × 73
833  23 27      7 × 119
863  23
893  23 29      19 × 47
923  23 30      13 × 71
953  23
983  23
1013 23
1043 23 34      7 × 149
1073 23 35      29 × 37
1103 23
1133 23 37      11 × 103
1163 23
1193 23
1223 23
1253 23 41      7 × 179
1283 23
1313 23 43      13 × 101
1343 23 44      17 × 79
1373 23
1403 23 46      23 × 61
1433 23
1463 23 48      7 × 209
1493 23
1523 23
1553 23
1583 23
1613 23
1643 23 54      31 × 53
1673 23 55      7 × 239
1703 23 56      13 × 131
1733 23
1763 23 58      41 × 43
1793 23 59      11 × 163
1823 23


7    07
37   07
67   07
97   07
127  07
157  07
187  07 6       11 × 17
217  07 7       7 × 31
247  07 8       13 × 19
277  07
307  07
337  07
367  07
397  07
427  07 14      7 × 61
457  07
487  07
517  07 17      11 × 47
547  07
577  07
607  07
637  07 21      7 × 91
667  07 22      23 × 29
697  07 23      17 × 41
727  07
757  07
787  07
817  07 27      19 × 43
847  07 28      7 × 121
877  07
907  07
937  07
967  07
997  07
1027 07 34      13 × 79
1057 07 35      7 × 151
1087 07
1117 07
1147 07 37      31 × 37
1177 07 38      11 × 107
1207 07 39      17 × 71
1237 07
1267 07 42      7 × 181
1297 07
1327 07
1357 07 45      23 × 59
1387 07 46      19 × 73
1417 07 47      13 × 109
1447 07
1477 07 49      7 × 211
1507 07 50      11 × 137
1537 07 51      29 × 53
1567 07
1597 07
1627 07
1657 07


17   17
47   17
77   17 2       7 × 11
107  17
137  17
167  17
197  17
227  17
257  17
287  17 9       7 × 41
317  17
347  17
377  17 12      13 × 29
407  17 13      11 × 37
437  17 14      19 × 23
467  17
497  17 16      7 × 71
527  17 17      17 × 31
557  17
587  17
617  17
647  17
677  17
707  17 23      7 × 101
737  17 24      11 × 67
767  17 25      13 × 59
797  17
827  17
857  17
887  17
917  17 30      7 × 131
947  17
977  17
1007 17 33      19 × 53
1037 17 34      17 × 61
1067 17 35      11 × 97
1097 17
1127 17 37      7 × 161
1157 17 38      13 × 89
1187 17
1217 17
1247 17 41      29 × 43
1277 17
1307 17
1337 17 44      7 × 191
1367 17
1397 17 46      11 × 127
1427 17
1457 17 48      31 × 47
1487 17
1517 17 50      37 × 41
1547 17 51      7 × 221
1577 17 52      19 × 83
1607 17
1637 17
1667 17

1    01
31   01
61   01
91   01 3       7 × 13
121  01 4       11 × 11
151  01
181  01
211  01
241  01
271  01
301  01 10      7 × 43
331  01
361  01 12      19 × 19
391  01 13      17 × 23
421  01
451  01 15      11 × 41
481  01 16      13 × 37
511  01 17      7 × 73
541  01
571  01
601  01
631  01
661  01
691  01
721  01 24      7 × 103
751  01
781  01 26      11 × 71
811  01
841  01 28      29 × 29
871  01 29      13 × 67
901  01 30      17 × 53
931  01 31      7 × 133
961  01 32      31 × 31
991  01
1021 01
1051 01
1081 01 36      23 × 47
1111 01 37      11 × 101
1141 01 38      7 × 163
1171 01
1201 01
1231 01
1261 01 42      13 × 97
1291 01
1321 01
1351 01 45      7 × 193
1381 01
1411 01 47      17 × 83
1441 01 48      11 × 131
1471 01
1501 01 50      19 × 79
1531 01
1561 01 52      7 × 223
1591 01 53      37 × 43
1621 01
1651 01 55      13 × 127
1681 01 56      41 × 41
1711    57      29 × 59
1741
1771 01 59      7 × 253
1801
1831
1861

11   11
41   11
71   11
101  11
131  11
161  11 5       7 × 23
191  11
221  11 7       13 × 17
251  11
281  11
311  11
341  11 11      11 × 31
371  11 12      7 × 53
401  11
431  11
461  11
491  11
521  11
551  11 18      19 × 29
581  11 19      7 × 83
611  11 20      13 × 47
641  11
671  11 22      11 × 61
701  11
731  11 24      17 × 43
761  11
791  11 26      7 × 113
821  11
851  11 28      23 × 37
881  11
911  11
941  11
971  11
1001 11 33      7 × 143
1031 11
1061 11
1091 11
1121 11 37      19 × 59
1151 11
1181 11
1211 11 40      7 × 173
1241 11 41      17 × 73
1271 11 42      31 × 41
1301 11
1331 11 44      11 × 121
1361 11
1391 11 46      13 × 107
1421 11 47      7 × 203
1451 11
1481 11
1511 11
1541 11 51      23 × 67
1571 11
1601 11
1631 11
1661 11 55      11 × 151
1691    56      19 × 89
1721    57
1751
1781    59      13 × 137
1811
1841
1871

19   19
49   19 1       7 × 7
79   19
109  19
139  19
169  19 5       13 × 13 
199  19
229  19
259  19 8       7 × 37
289  19 9       17 × 17
319  19 10      11 × 29
349  19
379  19
409  19
439  19
469  19 15      7 × 67
499  19
529  19 17      23 × 23
559  19 18      13 × 43
589  19 19      19 × 31
619  19
649  19 21      11 × 59
679  19 22      7 × 97
709  19
739  19
769  19
799  19 26      17 × 47
829  19
859  19
889  19 29      7 × 127
919  19
949  19 31      13 × 73
979  19 32      11 × 89
1009 19
1039 19
1069 19
1099 19 36      7 × 157
1129 19
1159 19 38      19 × 61
1189 19 39      29 × 41
1219 19 40      23 × 53
1249 19
1279 19
1309 19 43      7 × 187
1339 19 44      13 × 103
1369 19 45      37 × 37
1399 19
1429 19
1459 19
1489 19
1519 19 50      7 × 217
1549 19
1579 19
1609 19
1639 19 54      11 × 149
1669 19
1699
1729 19 57      7 × 247
1759
1789
1819    60      17 × 107
1849    61      43 × 43
1879

29   29
59   29
89   29
119  29 3       7 × 17
149  29
179  29
209  29 6       11 × 19
239  29
269  29
299  29 9       13 × 23
329  29 10      7 × 47
359  29
389  29
419  29
449  29
479  29
509  29
539  29 17      7 × 77 
569  29
599  29
629  29 20      17 × 37
659  29
689  29 22      13 × 53
719  29
749  29 24      7 × 107
779  29 25      19 × 41
809  29
839  29
869  29 28      11 × 79 
899  29 29      29 × 31
929  29
959  29 31      7 × 137
989  29 32      23 × 43
1019 29
1049 29
1079 29 35      13 × 83
1109 29
1139 29 37      17 × 67
1169 29 38      7 × 167
1199 29 39      11 × 109
1229 29
1259 29
1289 29
1319 29
1349 29 44      19 × 71
1379 29 45      7 × 197
1409 29
1439 29
1469 29 48      13 × 113
1499 29
1529 29 50      11 × 139
1559 29
1589 29 52      7 × 227
1619 29
1649 29 54      17 × 97
1679 29 55      23 × 73
1709
1739    57      37 × 47
1769    58      29 × 61
1799    59      7 × 257
1829    60      31 × 59
1859    61      11 × 169
1889

