                  formula
prime   n    +30  **    MN    factors
13      0    13   13
43      1    43   13
73      2    73   13
103     3    103  13
             133  13    4       7 x 19          7 x 19
163     5    163  13
193     6    193  13
223     7    223  13
             253  13    8       11 x 23                 11 x 23
283     9    283  13
313     10   313  13
             343  13    11      7 x 49          7 x 49
373     12   373  13
             403  13    13      13 x 31                         13 x 31
433     14   433  13
463     15   463  13
             493  13    16      17 x 29
523     17   523  13
             553  13    18      7 x 79          7 x 79
             583  13    19      11 x 53                 11 x 53
613     20   613  13
643     21   643  13
673     22   673  13
             703  13    23      19 x 37
733     24   733  13
             763  13    25      7 x 109         7 x 109
             793  13    26      13 x 61                         13 x 61
823     27   823  13
853     28   853  13
883     29   883  13
             913  13    30      11 x 83                 11 x 83
             943  13    31      23 x 41
             973  13    32      7 x 139         7 x 139
             1003 13    33      17 x 59
1033    34   1033 13
1063    35   1063 13
1093    36   1093 13
1123    37   1123 13
1153    38   1153 13
             1183 13    39      7 x 169 13 x 91 7 x 169         13 x 91
1213    40   1213 13
             1243 13    41      11 x 113                        11 x 113
             1273 13    42      19 x 67
1303    43   1303 13
             1333 13    44      31 x 43
             1363 13    45      29 x 47
             1393 13    46      7 x 199         7 x 199
1423    47   1423 13
1453    48   1453 13
1483    49   1483 13
             1513 13    50      17 x 89
1543    51   1543 13
             1573 13    52      11 x 143        13 x 121                11 x 143        13 x 121
             1603 13    53      7 x 229         7 x 229
             1633 13    54      23 × 71
1663    55   1663 13
1693    56   1693 13
1723    57   1723 13
1753    58   1753 13
1783    59   1783 13
             1813 13    59      7 x 259 37 x 49 7 x 259
             1843 13            19 x 97
1873    62        13
23      0    23   23
53      1    53   23
83      2    83   23
113     3    113  23
             143  23    4       11 × 13                                 11 × 13 
173     5    173  23
             203  23    6       7 × 29                  7 × 29
233     7    233  23
263     8    263  23
293     9    293  23
             323  23    10      17 × 19
353     11   353  23
383     12   383  23
             413  23    13      7 × 59                  7 × 59 
443     14   443  23
             473  23    15      11 × 43                         11 × 43
503     16   503  23
             533  23    17      13 × 41                                 13 × 41
563     18   563  23
593     19   593  23
             623  23    20      7 × 89                  7 × 89
653     21   653  23
683     22   683  23
             713  23    23      23 × 31
743     24   743  23
773     25   773  23
             803  23    26      11 × 73                         11 × 73
             833  23    27      7 × 119 17 × 49         7 × 119
863     28   863  23
             893  23    29      19 × 47
             923  23    30      13 × 71                                 13 × 71
953     31   953  23
983     32   983  23
1013    33   1013 23
             1043 23    34      7 × 149                 7 × 149
             1073 23    35      29 × 37
1103    36   1103 23
             1133 23    37      11 × 103                                11 × 103
1163    38   1163 23
1193    39   1193 23
1223    40   1223 23
             1253 23    41      7 × 179                 7 × 179
1283    42   1283 23
             1313 23    43      13 × 101                                        13 × 101
             1343 23    44      17 × 79
1373    45   1373 23
             1403 23    46      23 × 61
1433    47   1433 23
             1463 23    48      7 × 209 11 × 133        19 × 77 7 × 209 11 × 133
1493    49   1493 23
1523    50   1523 23
1553    51   1553 23
1583    52   1583 23
1613    53   1613 23
             1643 23    54      31 × 53
             1673 23    55      7 × 239                 7 × 239
             1703 23    56      13 × 131                                        13 × 131
1733    57   1733 23
             1763 23    58      41 × 43
             1793 23    59      11 × 163                        11 × 163
1823    60   1823 23

7       0    7    07
37      1    37   07
67      2    67   07
97      3    97   07
127     4    127  07
157     5    157  07
             187  07    6       11 × 17                 11 × 17
             217  07    7       7 × 31          7 × 31
             247  07    8       13 × 19                         13 × 19
277     9    277  07
307     10   307  07
337     11   337  07
367     12   367  07
397     13   397  07
             427  07    14      7 × 61          7 × 61
457     15   457  07
487     16   487  07
             517  07    17      11 × 47                 11 × 47
547     18   547  07
577     19   577  07
607     20   607  07
             637  07    21      7 × 91  13 × 49 7 × 91          13 × 49
             667  07    22      23 × 29
             697  07    23      17 × 41
727     24   727  07
757     25   757  07
787     26   787  07
             817  07    27      19 × 43
             847  07    28      7 × 121 11 × 77 7 × 121 11 × 77
877     29   877  07
907     30   907  07
937     31   937  07
967     32   967  07
997     33   997  07
             1027 07    34      13 × 79                         13 × 79
             1057 07    35      7 × 151         7 × 151
1087    36   1087 07
1117    37   1117 07
             1147 07    37      31 × 37
             1177 07    38      11 × 107                        11 × 107
             1207 07    39      17 × 71
1237    41   1237 07
             1267 07    42      7 × 181         7 × 181
1297    43   1297 07
1327    44   1327 07
             1357 07    45      23 × 59
             1387 07    46      19 × 73
             1417 07    47      13 × 109                                13 × 109
1447    48   1447 07
             1477 07    49      7 × 211         7 × 211
             1507 07    50      11 × 137                        11 × 137
             1537 07    51      29 × 53
1567    52   1567 07
1597    53   1597 07
1627    54   1627 07
1657    55   1657 07
17      0    17   17
47      1    47   17
             77   17    2       7 × 11                  7 × 11
107     3    107  17
137     4    137  17
167     5    167  17
197     6    197  17
227     7    227  17
257     8    257  17
             287  17    9       7 × 41                  7 × 41
317     10   317  17
347     11   347  17
             377  17    12      13 × 29                                 13 × 29
             407  17    13      11 × 37                         11 × 37
             437  17    14      19 × 23
467     15   467  17
             497  17    16      7 × 71                  7 × 71
             527  17    17      17 × 31
557     18   557  17
587     19   587  17
617     20   617  17
647     21   647  17
677     22   677  17
             707  17    23      7 × 101                 7 × 101
             737  17    24      11 × 67                         11 × 67
             767  17    25      13 × 59                                 13 × 59
797     26   797  17
827     27   827  17
857     28   857  17
887     29   887  17
             917  17    30      7 × 131                 7 × 131
947     31   947  17
977     32   977  17
             1007 17    33      19 × 53
             1037 17    34      17 × 61
             1067 17    35      11 × 97                         11 × 97
1097    36   1097 17
             1127 17    37      7 × 161 23 × 49         7 × 161
             1157 17    38      13 × 89                                 13 × 89
1187    39   1187 17
1217    40   1217 17
             1247 17    41      29 × 43
1277    42   1277 17
1307    43   1307 17
             1337 17    44      7 × 191                 7 × 191
1367    45   1367 17
             1397 17    46      11 × 127                                11 × 127
1427    47   1427 17
             1457 17    48      31 × 47
1487    49   1487 17
             1517 17    50      37 × 41
             1547 17    51      7 × 221 13 × 119        17 × 91 7 × 221         13 × 119
             1577 17    52      19 × 83
1607    53   1607 17
1637    54   1637 17
1667    55   1667 17
1697    56   1697 17

1       0    1    01
31      1    31   01
61      2    61   01
             91   01    3       7 × 13                  7 × 13
             121  01    4       11 × 11                         11 × 11
151     5    151  01
181     6    181  01
211     7    211  01
241     8    241  01
271     9    271  01
             301  01    10      7 × 43                  7 × 43
331     11   331  01
             361  01    12      19 × 19
             391  01    13      17 × 23
421     14   421  01
             451  01    15      11 × 41                         11 × 41
             481  01    16      13 × 37                                 13 × 37
             511  01    17      7 × 73                  7 × 73
541     18   541  01
571     19   571  01
601     20   601  01
631     21   631  01
661     22   661  01
691     23   691  01
             721  01    24      7 × 103                 7 × 103
751     25   751  01
             781  01    26      11 × 71                         11 × 71
811     27   811  01
             841  01    28      29 × 29                                 13 × 67
             871  01    29      13 × 67
             901  01    30      17 × 53
             931  01    31      7 × 133 19 × 49         7 × 133
             961  01    32      31 × 31
991     33   991  01
1021    34   1021 01
1051    35   1051 01
             1081 01    36      23 × 47
             1111 01    37      11 × 101                                11 × 101
             1141 01    38      7 × 163                 7 × 163
1171    39   1171 01
1201    40   1201 01
1231    41   1231 01
             1261 01    42      13 × 97                                 13 × 97
1291    43   1291 01
1321    44   1321 01
             1351 01    45      7 × 193                 7 × 193
1381    46   1381 01
             1411 01    47      17 × 83
             1441 01    48      11 × 131                                11 × 131
1471    49   1471 01
             1501 01    50      19 × 79
1531    51   1531 01
             1561 01    52      7 × 223                 7 × 223
             1591 01    53      37 × 43
1621    54   1621 01
             1651 01    55      13 × 127                                        13 × 127
             1681 01    56      41 × 41
             1711 01    57      29 × 59
1741    58   1741 01
             1771 01    59      7 × 253 11 × 161        23 × 77 7 × 253 11 × 161
1801    60   1801 01
1831    61   1831 01
1861    62   1861 01
11      0    11   11
41      1    41   11
71      2    71   11
101     3    101  11
131     4    131  11
             161  11    5       7 × 23                  7 × 23
191     6    191  11
             221  11    7       13 × 17                                 13 × 17
251     8    251  11
281     9    281  11
311     10   311  11
             341  11    11      11 × 31                         11 × 31
             371  11    12      7 × 53                  7 × 53
401     13   401  11
431     14   431  11
461     15   461  11
491     16   491  11
521     17   521  11
             551  11    18      19 × 29
             581  11    19      7 × 83                  7 × 83
             611  11    20      13 × 47                                 13 × 47
641     21   641  11
             671  11    22      11 × 61                         11 × 61
701     23   701  11
             731  11    24      17 × 43
761     25   761  11
             791  11    26      7 × 113                 7 × 113
821     27   821  11
             851  11    28      23 × 37
881     29   881  11
911     30   911  11
941     31   941  11
971     32   971  11
             1001 11    33      7 × 143 11 × 91 13 × 77 7 × 143 11 × 91 13 × 77
103     34   1031 11
106     35   1061 11
109     36   1091 11
             1121 11    37      19 × 59
115     38   1151 11
118     39   1181 11
             1211 11    40      7 × 173                 7 × 173
             1241 11    41      17 × 73
             1271 11    42      31 × 41
130     43   1301 11
             1331 11    44      11 × 121                                11 × 121
136     45   1361 11
             1391 11    46      13 × 107                                        13 × 107
             1421 11    47      7 × 203 29 × 49         7 × 203
145     48   1451 11
148     49   1481 11
151     50   1511 11
             1541 11    51      23 × 67
157     52   1571 11
160     53   1601 11
1621    54   1631 11
             1661 11    55      11 × 151                                11 × 151
             1691 11    56      19 × 89
             1721 11    57
1741    58   1751 11
             1781 11    59      13 × 137                                        13 × 137
1801    60   1811 11
1831    61   1841 11
1861    62   1871 11
19      0    19   19
             49   19    1       7 × 7                   7 × 7
79      2    79   19
109     3    109  19
139     4    139  19
             169  19    5       13 × 13                                         13 × 13 
199     6    199  19
229     7    229  19
             259  19    8       7 × 37                  7 × 37
             289  19    9       17 × 17
             319  19    10      11 × 29                         11 × 29
349     11   349  19
379     12   379  19
409     13   409  19
439     14   439  19
             469  19    15      7 × 67                  7 × 67
499     16   499  19
             529  19    17      23 × 23
             559  19    18      13 × 43                                 13 × 43
             589  19    19      19 × 31
619     20   619  19
             649  19    21      11 × 59                         11 × 59
             679  19    22      7 × 97                  7 × 97
709     23   709  19
739     24   739  19
769     25   769  19
             799  19    26      17 × 47
829     27   829  19
859     28   859  19
             889  19    29      7 × 127                 7 × 127
919     30   919  19
             949  19    31      13 × 73                                 13 × 73
             979  19    32      11 × 89                         11 × 89
1009    33   1009 19
1039    34   1039 19
1069    35   1069 19
             1099 19    36      7 × 157                 7 × 157
1129    37   1129 19
             1159 19    38      19 × 61
             1189 19    39      29 × 41
             1219 19    40      23 × 53
1249    41   1249 19
1279    42   1279 19
             1309 19    43      7 × 187 11 × 119        17 × 77 7 × 187 11 × 119
             1339 19    44      13 × 103                                        13 × 103
             1369 19    45      37 × 37
1399    46   1399 19
1429    47   1429 19
1459    48   1459 19
1489    49   1489 19
             1519 19    50      7 × 217 31 × 49         7 × 217
1549    51   1549 19
1579    52   1579 19
1609    53   1609 19
             1639 19    54      11 × 149                                11 × 149
1669    55   1669 19
1699    56   1699 19
             1729 19    57      7 × 247 13 × 133        19 × 91 7 × 247         13 × 133
1759    58   1759 19
1789    59   1789 19
             1819 19    60      17 × 107
             1849 19    61      43 × 43
1879    62   1879 19
29      0    29   29
59      1    59   29
89      2    89   29
             119  29    3       7 × 17                  7 × 17
149     4    149  29
179     5    179  29
             209  29    6       11 × 19                         11 × 19
239     7    239  29
269     8    269  29
             299  29    9       13 × 23                                 13 × 23
             329  29    10      7 × 47                  7 × 47
359     11   359  29
389     12   389  29
419     13   419  29
449     14   449  29
479     15   479  29
509     16   509  29
             539  29    17      7 × 77  11 × 49         7 × 77  11 × 49
569     18   569  29
599     19   599  29
             629  29    20      17 × 37
659     21   659  29
             689  29    22      13 × 53                                 13 × 53
719     23   719  29
             749  29    24      7 × 107                 7 × 107
             779  29    25      19 × 41
809     26   809  29
839     27   839  29
             869  29    28      11 × 79                                 11 × 79 
             899  29    29      29 × 31
929     30   929  29
             959  29    31      7 × 137                 7 × 137
             989  29    32      23 × 43
1019    33   1019 29
1049    34   1049 29
             1079 29    35      13 × 83                                 13 × 83
1109    36   1109 29
             1139 29    37      17 × 67
             1169 29    38      7 × 167                 7 × 167
             1199 29    39      11 × 109                                11 × 109
1229    40   1229 29
1259    41   1259 29
1289    42   1289 29
1319    43   1319 29
             1349 29    44      19 × 71
             1379 29    45      7 × 197                 7 × 197
1409    46   1409 29
1439    47   1439 29
             1469 29    48      13 × 113
1499    49   1499 29
             1529 29    50      11 × 139                                11 × 139
1559    51   1559 29
             1589 29    52      7 × 227                 7 × 227
1619    53   1619 29
             1649 29    54      17 × 97
             1679 29    55      23 × 73
1709    56   1709 29
             1739 29    57      37 × 47
             1769 29    58      29 × 61
             1799 29    59      7 × 257                 7 × 257
             1829 29    60      31 × 59
             1859 29    61      11 × 169        13 × 143                        11 × 169        13 × 143
